                      Physical Aggression     Anger  Hostility  Всесилие  \
Physical Aggression              1.000000  0.303641   0.220141  0.188757   
Anger                            0.303641  1.000000   0.391768  0.022251   
Hostility                        0.220141  0.391768   1.000000  0.038271   
Всесилие                         0.188757  0.022251   0.038271  1.000000   
Неуязвимость                     0.074840 -0.091378  -0.078005  0.313204   
Уникальность                     0.078377  0.095730   0.201407  0.073717   
ОЭ                               0.116407  0.105036   0.231692  0.062128   
ОШКМ                            -0.142453 -0.377701  -0.322620  0.154953   
ШЭС                             -0.107990 -0.366570  -0.292633  0.212675   
ШЭМ                              0.111973  0.179887   0.175820  0.037560   
ШПС                              0.002012  0.028420   0.066676  0.144976   
ШКМ                              0.183825  0.328438   0.340825  0.033154   
ШНО                              0.057455  0.025255   0.122971  0.105640   
ШЛСМ                            -0.010259  0.198247   0.248021 -0.202799   
ШВ                              -0.156318 -0.100922  -0.061281 -0.113169   
ШСЖ                             -0.091306 -0.242948  -0.136544  0.007470   
ШЛ                              -0.114285 -0.360661  -0.130421  0.067676   
Директивный стиль               -0.207234 -0.228909  -0.177285 -0.135701   
Аналитический стиль             -0.080713  0.012626  -0.041368 -0.176231   
Концептуальный стиль            -0.154024 -0.023916   0.006923 -0.125507   
Поведенческий стиль              0.012090 -0.035658  -0.088384  0.087021   
Безопасность                     0.009606 -0.178435  -0.104783  0.094620   
Конформизм                       0.046552 -0.008101   0.004806 -0.004465   
Традиция                        -0.034001  0.121008   0.132989  0.009629   
Самостьятельность               -0.160706  0.013228  -0.009933 -0.201648   
Риск-новизна                    -0.108938 -0.014273   0.023815 -0.102372   
Гедонизм                        -0.127725 -0.115804  -0.154381 -0.119999   
Достижение                      -0.153869 -0.148352  -0.136891 -0.172611   
Власть-Богатство                -0.231812 -0.270025  -0.217111 -0.150199   
Благожелательность              -0.011576  0.016902   0.036218 -0.045014   
Универсализм                    -0.028425  0.023511   0.044630  0.077555   
Неув.в прич.                    -0.052695 -0.053780  -0.104266  0.237437   
Новизна                          0.132628  0.001027  -0.043530 -0.037366   
Сложность                       -0.003705  0.047449   0.041102  0.024040   
Нерешенность                     0.060772 -0.008673  -0.027091 -0.014801   
Общий                            0.076249  0.089991   0.088745  0.014714   
Политика                         0.240817  0.068452   0.151563  0.118925   
Личный опыт                      0.396147  0.124988   0.102329  0.198305   
Воспитание                       0.229683  0.083201   0.043234  0.146821   
Спорт                            0.171707  0.105425   0.094759  0.001156   
СМИ                              0.116103  0.062564   0.015444  0.031746   
Общий                            0.334371  0.132764   0.139152  0.149422   
F1o                             -0.144061 -0.050095   0.008117 -0.104579   
F2o                              0.036505 -0.098610   0.037387  0.023447   
F1s                              0.131833  0.121657   0.209730 -0.159025   
F2s                              0.175640  0.087214   0.211159 -0.019994   

                      Неуязвимость  Уникальность        ОЭ      ОШКМ  \
Physical Aggression       0.074840      0.078377  0.116407 -0.142453   
Anger                    -0.091378      0.095730  0.105036 -0.377701   
Hostility                -0.078005      0.201407  0.231692 -0.322620   
Всесилие                  0.313204      0.073717  0.062128  0.154953   
Неуязвимость              1.000000      0.085410  0.078197  0.198437   
Уникальность              0.085410      1.000000  0.012906  0.012935   
ОЭ                        0.078197      0.012906  1.000000 -0.160997   
ОШКМ                      0.198437      0.012935 -0.160997  1.000000   
ШЭС                       0.307529      0.021613 -0.105720  0.744478   
ШЭМ                       0.020984      0.104103  0.143972 -0.343095   
ШПС                      -0.083512      0.007418  0.090177  0.157904   
ШКМ                      -0.026746      0.082884  0.482685 -0.409179   
ШНО                       0.003145     -0.004278  0.161293 -0.091496   
ШЛСМ                     -0.294953      0.000000  0.102274 -0.338862   
ШВ                       -0.157068     -0.179835  0.001199  0.017629   
ШСЖ                      -0.002596     -0.020721 -0.247895  0.305452   
ШЛ                        0.139412      0.038988  0.075507  0.230449   
Директивный стиль         0.082617      0.006010 -0.010692  0.036550   
Аналитический стиль       0.084620     -0.001141  0.102809 -0.219672   
Концептуальный стиль     -0.009473     -0.131734  0.151822 -0.004820   
Поведенческий стиль       0.252115     -0.026294  0.157288  0.067345   
Безопасность              0.288618     -0.024142  0.033107  0.214533   
Конформизм                0.158426      0.130907  0.110811  0.100379   
Традиция                  0.052574      0.031951  0.103487 -0.020591   
Самостьятельность        -0.174025     -0.226493  0.040130 -0.056800   
Риск-новизна             -0.146638     -0.213663 -0.016711 -0.033648   
Гедонизм                 -0.087660     -0.213361 -0.043394  0.157688   
Достижение               -0.005342     -0.009178 -0.055011  0.141875   
Власть-Богатство         -0.128077     -0.048659 -0.208601  0.219894   
Благожелательность        0.028951     -0.004126  0.046723  0.065651   
Универсализм              0.080917     -0.060390  0.233200  0.003305   
Неув.в прич.              0.086465     -0.076358 -0.168777  0.304079   
Новизна                   0.015008     -0.126919  0.106172  0.007075   
Сложность                -0.138464      0.012040 -0.107398 -0.084439   
Нерешенность              0.110256      0.033100  0.073464  0.156006   
Общий                    -0.165210     -0.019429 -0.064270 -0.079929   
Политика                  0.065650      0.003670  0.235743 -0.103969   
Личный опыт               0.201394      0.138371  0.149156  0.028016   
Воспитание                0.134234      0.115883  0.166715 -0.058358   
Спорт                     0.185114      0.099280  0.152279 -0.041839   
СМИ                       0.082824      0.151051 -0.008028 -0.021927   
Общий                     0.155961      0.113664  0.206259 -0.033705   
F1o                      -0.202810     -0.177857  0.007556  0.015956   
F2o                      -0.147075     -0.131642  0.054754  0.035024   
F1s                      -0.123014      0.044800  0.073979 -0.253612   
F2s                      -0.035373      0.032309  0.242421 -0.124333   

                           ШЭС       ШЭМ       ШПС       ШКМ       ШНО  \
Physical Aggression  -0.107990  0.111973  0.002012  0.183825  0.057455   
Anger                -0.366570  0.179887  0.028420  0.328438  0.025255   
Hostility            -0.292633  0.175820  0.066676  0.340825  0.122971   
Всесилие              0.212675  0.037560  0.144976  0.033154  0.105640   
Неуязвимость          0.307529  0.020984 -0.083512 -0.026746  0.003145   
Уникальность          0.021613  0.104103  0.007418  0.082884 -0.004278   
ОЭ                   -0.105720  0.143972  0.090177  0.482685  0.161293   
ОШКМ                  0.744478 -0.343095  0.157904 -0.409179 -0.091496   
ШЭС                   1.000000 -0.156840  0.115042 -0.334944 -0.065116   
ШЭМ                  -0.156840  1.000000  0.153742  0.229857  0.213360   
ШПС                   0.115042  0.153742  1.000000  0.025948  0.339255   
ШКМ                  -0.334944  0.229857  0.025948  1.000000  0.201827   
ШНО                  -0.065116  0.213360  0.339255  0.201827  1.000000   
ШЛСМ                 -0.388585  0.094214  0.093851  0.230372  0.099962   
ШВ                   -0.003226 -0.072418  0.006260 -0.048641 -0.015498   
ШСЖ                   0.266788 -0.070231  0.037295 -0.513998 -0.387588   
ШЛ                    0.232621 -0.080855  0.137081 -0.013085  0.163339   
Директивный стиль     0.049210 -0.046462 -0.253271 -0.079797 -0.065814   
Аналитический стиль  -0.129085  0.155949 -0.365277  0.162464  0.023486   
Концептуальный стиль -0.025472 -0.118948 -0.113925  0.155988  0.112742   
Поведенческий стиль   0.098011 -0.072876 -0.062016  0.100545  0.034443   
Безопасность          0.247726  0.001188 -0.062878 -0.170688 -0.032328   
Конформизм            0.147055  0.068908  0.008088  0.035763 -0.129971   
Традиция             -0.030385 -0.073256  0.026949  0.155143 -0.036023   
Самостьятельность    -0.103651 -0.057441  0.012007  0.025085  0.108931   
Риск-новизна         -0.094043 -0.146000 -0.071844  0.004430 -0.032944   
Гедонизм              0.076920 -0.304110 -0.001509 -0.124640 -0.089935   
Достижение            0.081928 -0.153938 -0.132354 -0.082557 -0.108529   
Власть-Богатство      0.173179 -0.164133 -0.047082 -0.286418 -0.050367   
Благожелательность    0.045727 -0.099511 -0.088521 -0.022680 -0.110694   
Универсализм          0.007798 -0.002116 -0.096639  0.086742  0.039924   
Неув.в прич.          0.300735  0.030141  0.209667 -0.229792 -0.044591   
Новизна               0.022194  0.177595  0.148351  0.085358  0.098417   
Сложность            -0.097838 -0.036644 -0.032590 -0.084569 -0.028550   
Нерешенность          0.178895  0.032969  0.108760  0.050656 -0.002424   
Общий                -0.080778  0.050049  0.008749 -0.036492 -0.066274   
Политика             -0.040174  0.181640  0.061821  0.237273  0.187678   
Личный опыт           0.029643 -0.021702 -0.021320  0.089367  0.029271   
Воспитание           -0.013573  0.108870 -0.016672  0.136407  0.057472   
Спорт                -0.061502 -0.067463 -0.117762  0.126995  0.088950   
СМИ                  -0.007857  0.001131 -0.105249  0.016459 -0.156261   
Общий                -0.016127  0.048480 -0.005935  0.195425  0.102284   
F1o                  -0.071106 -0.174574  0.038452  0.006040 -0.089888   
F2o                  -0.036393 -0.062384  0.228077  0.017388  0.109201   
F1s                  -0.272721  0.033599 -0.064243  0.204912  0.020727   
F2s                  -0.116142  0.058977  0.041441  0.256156  0.152506   

                          ШЛСМ        ШВ       ШСЖ        ШЛ  \
Physical Aggression  -0.010259 -0.156318 -0.091306 -0.114285   
Anger                 0.198247 -0.100922 -0.242948 -0.360661   
Hostility             0.248021 -0.061281 -0.136544 -0.130421   
Всесилие             -0.202799 -0.113169  0.007470  0.067676   
Неуязвимость         -0.294953 -0.157068 -0.002596  0.139412   
Уникальность          0.000000 -0.179835 -0.020721  0.038988   
ОЭ                    0.102274  0.001199 -0.247895  0.075507   
ОШКМ                 -0.338862  0.017629  0.305452  0.230449   
ШЭС                  -0.388585 -0.003226  0.266788  0.232621   
ШЭМ                   0.094214 -0.072418 -0.070231 -0.080855   
ШПС                   0.093851  0.006260  0.037295  0.137081   
ШКМ                   0.230372 -0.048641 -0.513998 -0.013085   
ШНО                   0.099962 -0.015498 -0.387588  0.163339   
ШЛСМ                  1.000000  0.122249 -0.227381  0.017591   
ШВ                    0.122249  1.000000 -0.040897  0.027361   
ШСЖ                  -0.227381 -0.040897  1.000000 -0.021817   
ШЛ                    0.017591  0.027361 -0.021817  1.000000   
Директивный стиль    -0.087683  0.020931 -0.036538  0.095279   
Аналитический стиль  -0.074522 -0.097144 -0.232924  0.000000   
Концептуальный стиль  0.002054  0.085581 -0.225482  0.093001   
Поведенческий стиль  -0.145266 -0.158572 -0.088331  0.134389   
Безопасность         -0.153326 -0.106510  0.244641  0.154502   
Конформизм           -0.060504  0.069794  0.082492  0.037880   
Традиция              0.101004  0.077478 -0.122480 -0.159643   
Самостьятельность     0.022659  0.080864 -0.109608 -0.025713   
Риск-новизна          0.147481  0.053729 -0.014075 -0.044201   
Гедонизм              0.015089 -0.006594  0.104143  0.029554   
Достижение            0.024272 -0.075484  0.122706  0.183500   
Власть-Богатство     -0.012848  0.074237  0.259242  0.057800   
Благожелательность    0.009060 -0.030486  0.079139  0.012680   
Универсализм         -0.029232  0.084662 -0.090408  0.027358   
Неув.в прич.         -0.330089 -0.009752  0.300619 -0.007822   
Новизна               0.003487 -0.086040 -0.015171  0.114335   
Сложность             0.075743  0.047877  0.004406 -0.141163   
Нерешенность         -0.142744 -0.060885  0.065685  0.109145   
Общий                 0.105384  0.042352  0.017312 -0.158544   
Политика             -0.054095 -0.035690 -0.139880  0.058706   
Личный опыт          -0.122657 -0.135416 -0.066810 -0.073340   
Воспитание           -0.025509 -0.061290 -0.050740  0.060970   
Спорт                 0.115084 -0.077424 -0.208832  0.051594   
СМИ                   0.039570 -0.113626 -0.010933  0.026469   
Общий                -0.040363 -0.074375 -0.134565  0.032569   
F1o                   0.076383  0.041799 -0.000875  0.022997   
F2o                   0.088546  0.012119  0.000000  0.107531   
F1s                   0.347415  0.040060 -0.109025  0.019952   
F2s                   0.190726 -0.015917 -0.179084  0.035523   

                      Директивный стиль  Аналитический стиль  \
Physical Aggression           -0.207234            -0.080713   
Anger                         -0.228909             0.012626   
Hostility                     -0.177285            -0.041368   
Всесилие                      -0.135701            -0.176231   
Неуязвимость                   0.082617             0.084620   
Уникальность                   0.006010            -0.001141   
ОЭ                            -0.010692             0.102809   
ОШКМ                           0.036550            -0.219672   
ШЭС                            0.049210            -0.129085   
ШЭМ                           -0.046462             0.155949   
ШПС                           -0.253271            -0.365277   
ШКМ                           -0.079797             0.162464   
ШНО                           -0.065814             0.023486   
ШЛСМ                          -0.087683            -0.074522   
ШВ                             0.020931            -0.097144   
ШСЖ                           -0.036538            -0.232924   
ШЛ                             0.095279             0.000000   
Директивный стиль              1.000000             0.475290   
Аналитический стиль            0.475290             1.000000   
Концептуальный стиль           0.253643             0.324374   
Поведенческий стиль            0.279626             0.307362   
Безопасность                   0.165779             0.083202   
Конформизм                     0.003305             0.019463   
Традиция                      -0.030675             0.015739   
Самостьятельность              0.156560             0.144020   
Риск-новизна                   0.019057            -0.001484   
Гедонизм                       0.061468            -0.070007   
Достижение                     0.245222             0.084432   
Власть-Богатство               0.109489            -0.090227   
Благожелательность             0.134222             0.072799   
Универсализм                   0.104575             0.183139   
Неув.в прич.                  -0.138491            -0.227468   
Новизна                       -0.178628            -0.064235   
Сложность                      0.163108             0.074556   
Нерешенность                  -0.110132            -0.060935   
Общий                          0.102272             0.048101   
Политика                      -0.167820             0.002551   
Личный опыт                   -0.205287            -0.111667   
Воспитание                    -0.087069             0.035915   
Спорт                          0.081370             0.065686   
СМИ                            0.046061             0.078404   
Общий                         -0.115096            -0.012148   
F1o                           -0.035088            -0.061554   
F2o                           -0.058141            -0.180520   
F1s                           -0.036940             0.021911   
F2s                           -0.023516             0.051073   

                      Концептуальный стиль  Поведенческий стиль  Безопасность  \
Physical Aggression              -0.154024             0.012090      0.009606   
Anger                            -0.023916            -0.035658     -0.178435   
Hostility                         0.006923            -0.088384     -0.104783   
Всесилие                         -0.125507             0.087021      0.094620   
Неуязвимость                     -0.009473             0.252115      0.288618   
Уникальность                     -0.131734            -0.026294     -0.024142   
ОЭ                                0.151822             0.157288      0.033107   
ОШКМ                             -0.004820             0.067345      0.214533   
ШЭС                              -0.025472             0.098011      0.247726   
ШЭМ                              -0.118948            -0.072876      0.001188   
ШПС                              -0.113925            -0.062016     -0.062878   
ШКМ                               0.155988             0.100545     -0.170688   
ШНО                               0.112742             0.034443     -0.032328   
ШЛСМ                              0.002054            -0.145266     -0.153326   
ШВ                                0.085581            -0.158572     -0.106510   
ШСЖ                              -0.225482            -0.088331      0.244641   
ШЛ                                0.093001             0.134389      0.154502   
Директивный стиль                 0.253643             0.279626      0.165779   
Аналитический стиль               0.324374             0.307362      0.083202   
Концептуальный стиль              1.000000             0.327378     -0.052595   
Поведенческий стиль               0.327378             1.000000      0.064186   
Безопасность                     -0.052595             0.064186      1.000000   
Конформизм                       -0.128090            -0.060015      0.216867   
Традиция                          0.071424             0.008493     -0.028469   
Самостьятельность                 0.375112             0.143428     -0.064911   
Риск-новизна                      0.204718             0.061559     -0.132428   
Гедонизм                          0.152416             0.177209      0.032168   
Достижение                        0.116430             0.122452      0.301700   
Власть-Богатство                 -0.017459            -0.095529      0.233396   
Благожелательность                0.072806             0.239627      0.158971   
Универсализм                      0.246633             0.235448      0.116242   
Неув.в прич.                     -0.082698            -0.052934      0.104471   
Новизна                          -0.072395            -0.001712      0.017497   
Сложность                         0.013827            -0.044090      0.015795   
Нерешенность                     -0.078225             0.063148      0.132797   
Общий                            -0.055733            -0.062025     -0.011601   
Политика                          0.057783             0.111640     -0.050659   
Личный опыт                      -0.050218             0.108775      0.016630   
Воспитание                       -0.030583             0.097322      0.032130   
Спорт                            -0.053702             0.084469      0.046171   
СМИ                              -0.059836             0.110002      0.059296   
Общий                            -0.015603             0.121459      0.004724   
F1o                               0.208650             0.091517     -0.264877   
F2o                               0.083035             0.042018     -0.074553   
F1s                               0.037848            -0.050360     -0.053076   
F2s                               0.069093             0.121340     -0.007842   

                      Конформизм  Традиция  Самостьятельность  Риск-новизна  \
Physical Aggression     0.046552 -0.034001          -0.160706     -0.108938   
Anger                  -0.008101  0.121008           0.013228     -0.014273   
Hostility               0.004806  0.132989          -0.009933      0.023815   
Всесилие               -0.004465  0.009629          -0.201648     -0.102372   
Неуязвимость            0.158426  0.052574          -0.174025     -0.146638   
Уникальность            0.130907  0.031951          -0.226493     -0.213663   
ОЭ                      0.110811  0.103487           0.040130     -0.016711   
ОШКМ                    0.100379 -0.020591          -0.056800     -0.033648   
ШЭС                     0.147055 -0.030385          -0.103651     -0.094043   
ШЭМ                     0.068908 -0.073256          -0.057441     -0.146000   
ШПС                     0.008088  0.026949           0.012007     -0.071844   
ШКМ                     0.035763  0.155143           0.025085      0.004430   
ШНО                    -0.129971 -0.036023           0.108931     -0.032944   
ШЛСМ                   -0.060504  0.101004           0.022659      0.147481   
ШВ                      0.069794  0.077478           0.080864      0.053729   
ШСЖ                     0.082492 -0.122480          -0.109608     -0.014075   
ШЛ                      0.037880 -0.159643          -0.025713     -0.044201   
Директивный стиль       0.003305 -0.030675           0.156560      0.019057   
Аналитический стиль     0.019463  0.015739           0.144020     -0.001484   
Концептуальный стиль   -0.128090  0.071424           0.375112      0.204718   
Поведенческий стиль    -0.060015  0.008493           0.143428      0.061559   
Безопасность            0.216867 -0.028469          -0.064911     -0.132428   
Конформизм              1.000000  0.151275          -0.211765     -0.286701   
Традиция                0.151275  1.000000           0.136044      0.112283   
Самостьятельность      -0.211765  0.136044           1.000000      0.327705   
Риск-новизна           -0.286701  0.112283           0.327705      1.000000   
Гедонизм               -0.069098  0.103971           0.310154      0.359907   
Достижение              0.089527 -0.015711           0.181599      0.144178   
Власть-Богатство        0.046074 -0.053543           0.106470      0.080141   
Благожелательность      0.047961  0.197674           0.293936      0.168661   
Универсализм            0.010833  0.258943           0.264038      0.227984   
Неув.в прич.            0.010690 -0.100849          -0.062483      0.058854   
Новизна                -0.032153 -0.230758          -0.072314      0.036822   
Сложность              -0.038978  0.078090           0.101340     -0.115192   
Нерешенность            0.133221 -0.169059          -0.110639      0.040182   
Общий                  -0.025675 -0.020975           0.052864     -0.136984   
Политика               -0.026082 -0.036251          -0.056726     -0.074021   
Личный опыт            -0.053181 -0.075379          -0.147364     -0.140153   
Воспитание             -0.124374 -0.075614          -0.114092      0.001786   
Спорт                   0.028871  0.062667          -0.021621     -0.007831   
СМИ                    -0.017887 -0.119329          -0.089615     -0.067951   
Общий                  -0.021564 -0.046282          -0.078440     -0.069089   
F1o                    -0.273462 -0.005498           0.299454      0.314734   
F2o                    -0.225591 -0.087396           0.162293      0.272447   
F1s                    -0.007021  0.067906          -0.058097      0.051160   
F2s                     0.095123  0.194893           0.060373      0.074091   

                      Гедонизм  Достижение  Власть-Богатство  \
Physical Aggression  -0.127725   -0.153869         -0.231812   
Anger                -0.115804   -0.148352         -0.270025   
Hostility            -0.154381   -0.136891         -0.217111   
Всесилие             -0.119999   -0.172611         -0.150199   
Неуязвимость         -0.087660   -0.005342         -0.128077   
Уникальность         -0.213361   -0.009178         -0.048659   
ОЭ                   -0.043394   -0.055011         -0.208601   
ОШКМ                  0.157688    0.141875          0.219894   
ШЭС                   0.076920    0.081928          0.173179   
ШЭМ                  -0.304110   -0.153938         -0.164133   
ШПС                  -0.001509   -0.132354         -0.047082   
ШКМ                  -0.124640   -0.082557         -0.286418   
ШНО                  -0.089935   -0.108529         -0.050367   
ШЛСМ                  0.015089    0.024272         -0.012848   
ШВ                   -0.006594   -0.075484          0.074237   
ШСЖ                   0.104143    0.122706          0.259242   
ШЛ                    0.029554    0.183500          0.057800   
Директивный стиль     0.061468    0.245222          0.109489   
Аналитический стиль  -0.070007    0.084432         -0.090227   
Концептуальный стиль  0.152416    0.116430         -0.017459   
Поведенческий стиль   0.177209    0.122452         -0.095529   
Безопасность          0.032168    0.301700          0.233396   
Конформизм           -0.069098    0.089527          0.046074   
Традиция              0.103971   -0.015711         -0.053543   
Самостьятельность     0.310154    0.181599          0.106470   
Риск-новизна          0.359907    0.144178          0.080141   
Гедонизм              1.000000    0.340836          0.264693   
Достижение            0.340836    1.000000          0.410781   
Власть-Богатство      0.264693    0.410781          1.000000   
Благожелательность    0.241355    0.202153          0.054829   
Универсализм          0.194262    0.035748         -0.091226   
Неув.в прич.          0.038302   -0.056015          0.076395   
Новизна              -0.110890   -0.017381         -0.004292   
Сложность             0.025479   -0.093091         -0.064684   
Нерешенность         -0.030645    0.093093          0.075744   
Общий                -0.041115   -0.082413         -0.113023   
Политика             -0.091698    0.051499         -0.129071   
Личный опыт          -0.140421   -0.112389         -0.206116   
Воспитание           -0.130184    0.013721         -0.148270   
Спорт                -0.041958    0.076339         -0.117130   
СМИ                  -0.113860   -0.124610         -0.205026   
Общий                -0.095558    0.020530         -0.192515   
F1o                   0.167178    0.017101         -0.044770   
F2o                   0.156470    0.022973         -0.006095   
F1s                   0.018749    0.083011         -0.017729   
F2s                   0.117895    0.016824         -0.062554   

                      Благожелательность  Универсализм  Неув.в прич.  \
Physical Aggression            -0.011576     -0.028425     -0.052695   
Anger                           0.016902      0.023511     -0.053780   
Hostility                       0.036218      0.044630     -0.104266   
Всесилие                       -0.045014      0.077555      0.237437   
Неуязвимость                    0.028951      0.080917      0.086465   
Уникальность                   -0.004126     -0.060390     -0.076358   
ОЭ                              0.046723      0.233200     -0.168777   
ОШКМ                            0.065651      0.003305      0.304079   
ШЭС                             0.045727      0.007798      0.300735   
ШЭМ                            -0.099511     -0.002116      0.030141   
ШПС                            -0.088521     -0.096639      0.209667   
ШКМ                            -0.022680      0.086742     -0.229792   
ШНО                            -0.110694      0.039924     -0.044591   
ШЛСМ                            0.009060     -0.029232     -0.330089   
ШВ                             -0.030486      0.084662     -0.009752   
ШСЖ                             0.079139     -0.090408      0.300619   
ШЛ                              0.012680      0.027358     -0.007822   
Директивный стиль               0.134222      0.104575     -0.138491   
Аналитический стиль             0.072799      0.183139     -0.227468   
Концептуальный стиль            0.072806      0.246633     -0.082698   
Поведенческий стиль             0.239627      0.235448     -0.052934   
Безопасность                    0.158971      0.116242      0.104471   
Конформизм                      0.047961      0.010833      0.010690   
Традиция                        0.197674      0.258943     -0.100849   
Самостьятельность               0.293936      0.264038     -0.062483   
Риск-новизна                    0.168661      0.227984      0.058854   
Гедонизм                        0.241355      0.194262      0.038302   
Достижение                      0.202153      0.035748     -0.056015   
Власть-Богатство                0.054829     -0.091226      0.076395   
Благожелательность              1.000000      0.383860     -0.077767   
Универсализм                    0.383860      1.000000      0.011785   
Неув.в прич.                   -0.077767      0.011785      1.000000   
Новизна                        -0.073794     -0.155974      0.124010   
Сложность                       0.125286      0.112927     -0.081927   
Нерешенность                   -0.070125     -0.088419      0.084460   
Общий                           0.106018      0.029350     -0.051035   
Политика                       -0.060050      0.041927     -0.039635   
Личный опыт                     0.028482      0.020258     -0.039730   
Воспитание                      0.030582      0.095083     -0.052140   
Спорт                           0.126147      0.092164     -0.231153   
СМИ                             0.222147      0.106486     -0.073509   
Общий                           0.102180      0.077560     -0.074801   
F1o                             0.213525      0.073495      0.012036   
F2o                             0.138707      0.018280      0.101922   
F1s                             0.008742      0.007770     -0.278810   
F2s                             0.165225      0.176112     -0.122070   

                       Новизна  Сложность  Нерешенность    Общий   Политика  \
Physical Aggression   0.132628  -0.003705      0.060772  0.076249  0.240817   
Anger                 0.001027   0.047449     -0.008673  0.089991  0.068452   
Hostility            -0.043530   0.041102     -0.027091  0.088745  0.151563   
Всесилие             -0.037366   0.024040     -0.014801  0.014714  0.118925   
Неуязвимость          0.015008  -0.138464      0.110256 -0.165210  0.065650   
Уникальность         -0.126919   0.012040      0.033100 -0.019429  0.003670   
ОЭ                    0.106172  -0.107398      0.073464 -0.064270  0.235743   
ОШКМ                  0.007075  -0.084439      0.156006 -0.079929 -0.103969   
ШЭС                   0.022194  -0.097838      0.178895 -0.080778 -0.040174   
ШЭМ                   0.177595  -0.036644      0.032969  0.050049  0.181640   
ШПС                   0.148351  -0.032590      0.108760  0.008749  0.061821   
ШКМ                   0.085358  -0.084569      0.050656 -0.036492  0.237273   
ШНО                   0.098417  -0.028550     -0.002424 -0.066274  0.187678   
ШЛСМ                  0.003487   0.075743     -0.142744  0.105384 -0.054095   
ШВ                   -0.086040   0.047877     -0.060885  0.042352 -0.035690   
ШСЖ                  -0.015171   0.004406      0.065685  0.017312 -0.139880   
ШЛ                    0.114335  -0.141163      0.109145 -0.158544  0.058706   
Директивный стиль    -0.178628   0.163108     -0.110132  0.102272 -0.167820   
Аналитический стиль  -0.064235   0.074556     -0.060935  0.048101  0.002551   
Концептуальный стиль -0.072395   0.013827     -0.078225 -0.055733  0.057783   
Поведенческий стиль  -0.001712  -0.044090      0.063148 -0.062025  0.111640   
Безопасность          0.017497   0.015795      0.132797 -0.011601 -0.050659   
Конформизм           -0.032153  -0.038978      0.133221 -0.025675 -0.026082   
Традиция             -0.230758   0.078090     -0.169059 -0.020975 -0.036251   
Самостьятельность    -0.072314   0.101340     -0.110639  0.052864 -0.056726   
Риск-новизна          0.036822  -0.115192      0.040182 -0.136984 -0.074021   
Гедонизм             -0.110890   0.025479     -0.030645 -0.041115 -0.091698   
Достижение           -0.017381  -0.093091      0.093093 -0.082413  0.051499   
Власть-Богатство     -0.004292  -0.064684      0.075744 -0.113023 -0.129071   
Благожелательность   -0.073794   0.125286     -0.070125  0.106018 -0.060050   
Универсализм         -0.155974   0.112927     -0.088419  0.029350  0.041927   
Неув.в прич.          0.124010  -0.081927      0.084460 -0.051035 -0.039635   
Новизна               1.000000  -0.574204      0.483314 -0.290967  0.164369   
Сложность            -0.574204   1.000000     -0.563167  0.691125 -0.124661   
Нерешенность          0.483314  -0.563167      1.000000 -0.351366  0.165870   
Общий                -0.290967   0.691125     -0.351366  1.000000 -0.039289   
Политика              0.164369  -0.124661      0.165870 -0.039289  1.000000   
Личный опыт           0.150184  -0.057648      0.097905  0.024030  0.326256   
Воспитание            0.209455  -0.149606      0.170210 -0.042185  0.428306   
Спорт                -0.041267   0.009544      0.023543 -0.001707  0.055813   
СМИ                   0.055448   0.109001      0.025852  0.182513 -0.073939   
Общий                 0.141908  -0.043734      0.126377  0.062054  0.561245   
F1o                   0.067926  -0.033213      0.035638  0.021385  0.012014   
F2o                   0.083027   0.025951      0.020417  0.055746  0.027668   
F1s                   0.115567  -0.111539      0.069981  0.019474  0.238155   
F2s                  -0.013205   0.033323      0.053522  0.030215  0.235695   

                      Личный опыт  Воспитание     Спорт       СМИ     Общий  \
Physical Aggression      0.396147    0.229683  0.171707  0.116103  0.334371   
Anger                    0.124988    0.083201  0.105425  0.062564  0.132764   
Hostility                0.102329    0.043234  0.094759  0.015444  0.139152   
Всесилие                 0.198305    0.146821  0.001156  0.031746  0.149422   
Неуязвимость             0.201394    0.134234  0.185114  0.082824  0.155961   
Уникальность             0.138371    0.115883  0.099280  0.151051  0.113664   
ОЭ                       0.149156    0.166715  0.152279 -0.008028  0.206259   
ОШКМ                     0.028016   -0.058358 -0.041839 -0.021927 -0.033705   
ШЭС                      0.029643   -0.013573 -0.061502 -0.007857 -0.016127   
ШЭМ                     -0.021702    0.108870 -0.067463  0.001131  0.048480   
ШПС                     -0.021320   -0.016672 -0.117762 -0.105249 -0.005935   
ШКМ                      0.089367    0.136407  0.126995  0.016459  0.195425   
ШНО                      0.029271    0.057472  0.088950 -0.156261  0.102284   
ШЛСМ                    -0.122657   -0.025509  0.115084  0.039570 -0.040363   
ШВ                      -0.135416   -0.061290 -0.077424 -0.113626 -0.074375   
ШСЖ                     -0.066810   -0.050740 -0.208832 -0.010933 -0.134565   
ШЛ                      -0.073340    0.060970  0.051594  0.026469  0.032569   
Директивный стиль       -0.205287   -0.087069  0.081370  0.046061 -0.115096   
Аналитический стиль     -0.111667    0.035915  0.065686  0.078404 -0.012148   
Концептуальный стиль    -0.050218   -0.030583 -0.053702 -0.059836 -0.015603   
Поведенческий стиль      0.108775    0.097322  0.084469  0.110002  0.121459   
Безопасность             0.016630    0.032130  0.046171  0.059296  0.004724   
Конформизм              -0.053181   -0.124374  0.028871 -0.017887 -0.021564   
Традиция                -0.075379   -0.075614  0.062667 -0.119329 -0.046282   
Самостьятельность       -0.147364   -0.114092 -0.021621 -0.089615 -0.078440   
Риск-новизна            -0.140153    0.001786 -0.007831 -0.067951 -0.069089   
Гедонизм                -0.140421   -0.130184 -0.041958 -0.113860 -0.095558   
Достижение              -0.112389    0.013721  0.076339 -0.124610  0.020530   
Власть-Богатство        -0.206116   -0.148270 -0.117130 -0.205026 -0.192515   
Благожелательность       0.028482    0.030582  0.126147  0.222147  0.102180   
Универсализм             0.020258    0.095083  0.092164  0.106486  0.077560   
Неув.в прич.            -0.039730   -0.052140 -0.231153 -0.073509 -0.074801   
Новизна                  0.150184    0.209455 -0.041267  0.055448  0.141908   
Сложность               -0.057648   -0.149606  0.009544  0.109001 -0.043734   
Нерешенность             0.097905    0.170210  0.023543  0.025852  0.126377   
Общий                    0.024030   -0.042185 -0.001707  0.182513  0.062054   
Политика                 0.326256    0.428306  0.055813 -0.073939  0.561245   
Личный опыт              1.000000    0.416502  0.244549  0.185574  0.578286   
Воспитание               0.416502    1.000000  0.283442  0.152178  0.604592   
Спорт                    0.244549    0.283442  1.000000  0.185482  0.358987   
СМИ                      0.185574    0.152178  0.185482  1.000000  0.209543   
Общий                    0.578286    0.604592  0.358987  0.209543  1.000000   
F1o                     -0.059355   -0.032184 -0.102656  0.013235 -0.045900   
F2o                     -0.005778    0.013438 -0.026005  0.018552  0.057448   
F1s                      0.130631    0.203053  0.115611  0.004945  0.220119   
F2s                      0.119145    0.090997  0.159129  0.090333  0.238509   

                           F1o       F2o       F1s       F2s  
Physical Aggression  -0.144061  0.036505  0.131833  0.175640  
Anger                -0.050095 -0.098610  0.121657  0.087214  
Hostility             0.008117  0.037387  0.209730  0.211159  
Всесилие             -0.104579  0.023447 -0.159025 -0.019994  
Неуязвимость         -0.202810 -0.147075 -0.123014 -0.035373  
Уникальность         -0.177857 -0.131642  0.044800  0.032309  
ОЭ                    0.007556  0.054754  0.073979  0.242421  
ОШКМ                  0.015956  0.035024 -0.253612 -0.124333  
ШЭС                  -0.071106 -0.036393 -0.272721 -0.116142  
ШЭМ                  -0.174574 -0.062384  0.033599  0.058977  
ШПС                   0.038452  0.228077 -0.064243  0.041441  
ШКМ                   0.006040  0.017388  0.204912  0.256156  
ШНО                  -0.089888  0.109201  0.020727  0.152506  
ШЛСМ                  0.076383  0.088546  0.347415  0.190726  
ШВ                    0.041799  0.012119  0.040060 -0.015917  
ШСЖ                  -0.000875  0.000000 -0.109025 -0.179084  
ШЛ                    0.022997  0.107531  0.019952  0.035523  
Директивный стиль    -0.035088 -0.058141 -0.036940 -0.023516  
Аналитический стиль  -0.061554 -0.180520  0.021911  0.051073  
Концептуальный стиль  0.208650  0.083035  0.037848  0.069093  
Поведенческий стиль   0.091517  0.042018 -0.050360  0.121340  
Безопасность         -0.264877 -0.074553 -0.053076 -0.007842  
Конформизм           -0.273462 -0.225591 -0.007021  0.095123  
Традиция             -0.005498 -0.087396  0.067906  0.194893  
Самостьятельность     0.299454  0.162293 -0.058097  0.060373  
Риск-новизна          0.314734  0.272447  0.051160  0.074091  
Гедонизм              0.167178  0.156470  0.018749  0.117895  
Достижение            0.017101  0.022973  0.083011  0.016824  
Власть-Богатство     -0.044770 -0.006095 -0.017729 -0.062554  
Благожелательность    0.213525  0.138707  0.008742  0.165225  
Универсализм          0.073495  0.018280  0.007770  0.176112  
Неув.в прич.          0.012036  0.101922 -0.278810 -0.122070  
Новизна               0.067926  0.083027  0.115567 -0.013205  
Сложность            -0.033213  0.025951 -0.111539  0.033323  
Нерешенность          0.035638  0.020417  0.069981  0.053522  
Общий                 0.021385  0.055746  0.019474  0.030215  
Политика              0.012014  0.027668  0.238155  0.235695  
Личный опыт          -0.059355 -0.005778  0.130631  0.119145  
Воспитание           -0.032184  0.013438  0.203053  0.090997  
Спорт                -0.102656 -0.026005  0.115611  0.159129  
СМИ                   0.013235  0.018552  0.004945  0.090333  
Общий                -0.045900  0.057448  0.220119  0.238509  
F1o                   1.000000  0.351413  0.025043 -0.013331  
F2o                   0.351413  1.000000 -0.029689  0.095561  
F1s                   0.025043 -0.029689  1.000000  0.281168  
F2s                  -0.013331  0.095561  0.281168  1.000000  
