                      Physical Aggression     Anger  Hostility  Всесилие  \
Physical Aggression              1.000000  0.378410   0.321502  0.301429   
Anger                            0.378410  1.000000   0.505738  0.073627   
Hostility                        0.321502  0.505738   1.000000  0.087446   
Всесилие                         0.301429  0.073627   0.087446  1.000000   
Неуязвимость                     0.094943 -0.109760  -0.069836  0.461996   
Уникальность                     0.153073  0.151775   0.287018  0.106773   
ОЭ                               0.201202  0.180501   0.362429  0.070709   
ОШКМ                            -0.145321 -0.537284  -0.434130  0.255493   
ШЭС                             -0.114460 -0.538736  -0.401689  0.298682   
ШЭМ                              0.140049  0.294171   0.230483 -0.088106   
ШПС                              0.006054  0.088884   0.093053  0.119085   
ШКМ                              0.240284  0.494243   0.486634 -0.016461   
ШНО                              0.084108  0.122296   0.194306  0.030523   
ШЛСМ                             0.051748  0.298043   0.335914 -0.264291   
ШВ                              -0.220961 -0.069839  -0.067397 -0.155672   
ШСЖ                             -0.190880 -0.385064  -0.279335  0.024889   
ШЛ                              -0.087044 -0.406486  -0.104831  0.104067   
Директивный стиль               -0.145585 -0.151869  -0.188489 -0.171163   
Аналитический стиль             -0.072698  0.074166  -0.023981 -0.193587   
Концептуальный стиль            -0.107076  0.041354   0.012254 -0.214403   
Поведенческий стиль              0.084702  0.033319  -0.081556  0.015928   
Безопасность                     0.027045 -0.218813  -0.142090  0.185814   
Конформизм                      -0.022537 -0.052175  -0.006113  0.082056   
Традиция                        -0.120010  0.115170   0.151058 -0.025410   
Самостьятельность               -0.241115  0.000643  -0.022250 -0.238835   
Риск-новизна                    -0.182317 -0.027027   0.018663 -0.158152   
Гедонизм                        -0.182460 -0.195777  -0.232390 -0.025948   
Достижение                      -0.192878 -0.228565  -0.172724 -0.114536   
Власть-Богатство                -0.301341 -0.367906  -0.295513 -0.163319   
Благожелательность              -0.055146 -0.055589   0.004272 -0.003239   
Универсализм                    -0.087456  0.014924   0.033706  0.103488   
Неув.в прич.                    -0.068301 -0.129835  -0.197533  0.227001   
Новизна                          0.196843  0.013926  -0.000011 -0.066283   
Сложность                       -0.021505  0.058184   0.042758  0.067826   
Нерешенность                     0.058819 -0.024639  -0.013585  0.004179   
Общий                            0.155549  0.098455   0.066276  0.064004   
Политика                         0.369731  0.110061   0.208033  0.149250   
Личный опыт                      0.571775  0.182167   0.180088  0.309821   
Воспитание                       0.313929  0.120997   0.103275  0.199345   
Спорт                            0.231677  0.124901   0.152361  0.119922   
СМИ                              0.178407  0.093170   0.035677  0.121779   
Общий                            0.475671  0.163243   0.176707  0.272501   
F1o                             -0.192383 -0.100581   0.026089 -0.175288   
F2o                              0.057133 -0.194044   0.083842 -0.033774   
F1s                              0.196329  0.167139   0.303562 -0.149597   
F2s                              0.125117  0.086189   0.263441 -0.050923   

                      Неуязвимость  Уникальность        ОЭ      ОШКМ  \
Physical Aggression       0.094943      0.153073  0.201202 -0.145321   
Anger                    -0.109760      0.151775  0.180501 -0.537284   
Hostility                -0.069836      0.287018  0.362429 -0.434130   
Всесилие                  0.461996      0.106773  0.070709  0.255493   
Неуязвимость              1.000000      0.055027  0.138924  0.290294   
Уникальность              0.055027      1.000000  0.078440 -0.093601   
ОЭ                        0.138924      0.078440  1.000000 -0.176003   
ОШКМ                      0.290294     -0.093601 -0.176003  1.000000   
ШЭС                       0.427343     -0.052405 -0.084907  0.920260   
ШЭМ                       0.007836      0.148464  0.175128 -0.482684   
ШПС                      -0.119680      0.020155  0.082246  0.161037   
ШКМ                      -0.060102      0.160239  0.629977 -0.593650   
ШНО                      -0.073932      0.024561  0.214656 -0.174752   
ШЛСМ                     -0.428849      0.041181  0.197198 -0.522808   
ШВ                       -0.180206     -0.230778 -0.022101 -0.027434   
ШСЖ                       0.031785     -0.091257 -0.379752  0.478028   
ШЛ                        0.164894      0.106321  0.158090  0.261805   
Директивный стиль         0.018976      0.026013  0.091694 -0.051270   
Аналитический стиль       0.031248      0.027178  0.167595 -0.322865   
Концептуальный стиль     -0.085139     -0.104149  0.244554 -0.116772   
Поведенческий стиль       0.195669     -0.008440  0.279569  0.006179   
Безопасность              0.309991     -0.017274  0.039801  0.335281   
Конформизм                0.194418      0.146362  0.123327  0.213131   
Традиция                  0.054516      0.032794  0.153115  0.031959   
Самостьятельность        -0.184928     -0.306512  0.038221 -0.040065   
Риск-новизна             -0.203878     -0.272729 -0.026919 -0.048272   
Гедонизм                 -0.087352     -0.296939  0.032308  0.318942   
Достижение               -0.028382     -0.026776 -0.017079  0.240641   
Власть-Богатство         -0.173355     -0.069914 -0.315715  0.365117   
Благожелательность        0.085150     -0.071406  0.091709  0.122487   
Универсализм              0.129525     -0.172569  0.290484  0.012828   
Неув.в прич.              0.175327     -0.145405 -0.257339  0.450896   
Новизна                   0.032773     -0.110509  0.147421  0.035632   
Сложность                -0.178208     -0.025651 -0.121294 -0.153146   
Нерешенность              0.143811      0.012742  0.087155  0.213337   
Общий                    -0.204013     -0.128258 -0.041541 -0.122551   
Политика                  0.092444      0.014495  0.338034 -0.089314   
Личный опыт               0.292822      0.162182  0.281080  0.084689   
Воспитание                0.215467      0.133976  0.243918 -0.036691   
Спорт                     0.262014      0.126049  0.230046 -0.077527   
СМИ                       0.133332      0.197862 -0.015454 -0.061589   
Общий                     0.237070      0.130726  0.323205  0.008262   
F1o                      -0.243666     -0.328474  0.025908  0.027460   
F2o                      -0.198304     -0.145733  0.052802  0.135365   
F1s                      -0.165349      0.138715  0.131047 -0.363772   
F2s                       0.026813      0.006713  0.330574 -0.160371   

                           ШЭС       ШЭМ       ШПС       ШКМ       ШНО  \
Physical Aggression  -0.114460  0.140049  0.006054  0.240284  0.084108   
Anger                -0.538736  0.294171  0.088884  0.494243  0.122296   
Hostility            -0.401689  0.230483  0.093053  0.486634  0.194306   
Всесилие              0.298682 -0.088106  0.119085 -0.016461  0.030523   
Неуязвимость          0.427343  0.007836 -0.119680 -0.060102 -0.073932   
Уникальность         -0.052405  0.148464  0.020155  0.160239  0.024561   
ОЭ                   -0.084907  0.175128  0.082246  0.629977  0.214656   
ОШКМ                  0.920260 -0.482684  0.161037 -0.593650 -0.174752   
ШЭС                   1.000000 -0.220705  0.129131 -0.486538 -0.119704   
ШЭМ                  -0.220705  1.000000  0.302088  0.409477  0.378856   
ШПС                   0.129131  0.302088  1.000000  0.150365  0.605701   
ШКМ                  -0.486538  0.409477  0.150365  1.000000  0.425017   
ШНО                  -0.119704  0.378856  0.605701  0.425017  1.000000   
ШЛСМ                 -0.538529  0.194859  0.209728  0.419526  0.269276   
ШВ                   -0.045946 -0.074401  0.116478  0.033359  0.127264   
ШСЖ                   0.414993 -0.229790 -0.065000 -0.739123 -0.586865   
ШЛ                    0.330354 -0.072516  0.228445  0.059128  0.315935   
Директивный стиль    -0.006259  0.098569 -0.212508  0.046867 -0.080391   
Аналитический стиль  -0.216908  0.267437 -0.296964  0.301015  0.041523   
Концептуальный стиль -0.096769  0.051895 -0.053185  0.304802  0.166904   
Поведенческий стиль   0.070033  0.069933 -0.068415  0.200752 -0.030492   
Безопасность          0.363440 -0.037643 -0.029650 -0.242968 -0.037828   
Конформизм            0.249457  0.070204  0.051363  0.006463 -0.140396   
Традиция              0.000438 -0.092068  0.026892  0.176699 -0.020926   
Самостьятельность    -0.082594 -0.074322  0.082541  0.064524  0.180748   
Риск-новизна         -0.115587 -0.210312 -0.005931  0.019661  0.017623   
Гедонизм              0.212612 -0.374009  0.056718 -0.130935 -0.046938   
Достижение            0.204736 -0.231495 -0.230119 -0.194022 -0.240527   
Власть-Богатство      0.310914 -0.186746 -0.022415 -0.426177 -0.124291   
Благожелательность    0.126679 -0.172252 -0.154350 -0.052870 -0.198538   
Универсализм          0.062864  0.022154 -0.050476  0.163764  0.066206   
Неув.в прич.          0.456720  0.062537  0.318584 -0.361389 -0.021794   
Новизна               0.078095  0.236415  0.226734  0.151117  0.156357   
Сложность            -0.177337 -0.043696 -0.035943 -0.067475 -0.010896   
Нерешенность          0.247305  0.032333  0.073296  0.008691 -0.046368   
Общий                -0.111477  0.136266  0.162885  0.013049  0.085803   
Политика              0.010717  0.246328  0.078458  0.353798  0.234318   
Личный опыт           0.116027 -0.027728 -0.035365  0.163175 -0.002717   
Воспитание            0.039872  0.123586 -0.029629  0.218084  0.104449   
Спорт                -0.073787 -0.129967 -0.197543  0.182502  0.051641   
СМИ                  -0.045221 -0.028987 -0.121887  0.058590 -0.149978   
Общий                 0.071355  0.066722  0.016335  0.305609  0.132939   
F1o                  -0.038143 -0.250010  0.028828  0.007516 -0.101533   
F2o                   0.069103 -0.092249  0.302906  0.000340  0.165311   
F1s                  -0.378728  0.068628 -0.031881  0.309810  0.068888   
F2s                  -0.153018  0.067931  0.089002  0.340550  0.186715   

                          ШЛСМ        ШВ       ШСЖ        ШЛ  \
Physical Aggression   0.051748 -0.220961 -0.190880 -0.087044   
Anger                 0.298043 -0.069839 -0.385064 -0.406486   
Hostility             0.335914 -0.067397 -0.279335 -0.104831   
Всесилие             -0.264291 -0.155672  0.024889  0.104067   
Неуязвимость         -0.428849 -0.180206  0.031785  0.164894   
Уникальность          0.041181 -0.230778 -0.091257  0.106321   
ОЭ                    0.197198 -0.022101 -0.379752  0.158090   
ОШКМ                 -0.522808 -0.027434  0.478028  0.261805   
ШЭС                  -0.538529 -0.045946  0.414993  0.330354   
ШЭМ                   0.194859 -0.074401 -0.229790 -0.072516   
ШПС                   0.209728  0.116478 -0.065000  0.228445   
ШКМ                   0.419526  0.033359 -0.739123  0.059128   
ШНО                   0.269276  0.127264 -0.586865  0.315935   
ШЛСМ                  1.000000  0.245729 -0.351668  0.064121   
ШВ                    0.245729  1.000000 -0.128212  0.028181   
ШСЖ                  -0.351668 -0.128212  1.000000 -0.051084   
ШЛ                    0.064121  0.028181 -0.051084  1.000000   
Директивный стиль    -0.006115 -0.049687 -0.071905  0.007226   
Аналитический стиль   0.040629 -0.101902 -0.298716 -0.057834   
Концептуальный стиль  0.115213  0.071173 -0.321718  0.024419   
Поведенческий стиль  -0.068119 -0.179466 -0.101973  0.036039   
Безопасность         -0.240955 -0.264876  0.326568  0.172277   
Конформизм           -0.114009  0.041300  0.109326  0.048356   
Традиция              0.081090  0.113473 -0.158519 -0.161996   
Самостьятельность     0.033372  0.119883 -0.128636 -0.004223   
Риск-новизна          0.203095  0.107522 -0.015279 -0.016499   
Гедонизм             -0.014847  0.032701  0.137832  0.118253   
Достижение           -0.051705 -0.178528  0.284017  0.230652   
Власть-Богатство     -0.126076 -0.008884  0.415619  0.097598   
Благожелательность   -0.053048 -0.127889  0.138771 -0.003922   
Универсализм          0.009246  0.096528 -0.133763  0.063836   
Неув.в прич.         -0.461188 -0.042491  0.444895  0.021570   
Новизна               0.033735 -0.111904 -0.035665  0.127752   
Сложность             0.139028  0.108972 -0.020098 -0.204433   
Нерешенность         -0.179269 -0.103976  0.103535  0.147154   
Общий                 0.173079  0.040874 -0.010012 -0.169152   
Политика              0.007189 -0.114571 -0.226031  0.114826   
Личный опыт          -0.100482 -0.167185 -0.099568 -0.073229   
Воспитание            0.017616 -0.101100 -0.127459  0.116611   
Спорт                 0.136517 -0.095415 -0.264690  0.058309   
СМИ                   0.130071 -0.145221 -0.059785 -0.084540   
Общий                -0.014437 -0.121296 -0.195158  0.070468   
F1o                   0.121503  0.118203  0.046583  0.011394   
F2o                   0.093420  0.010051  0.034812  0.128953   
F1s                   0.480797 -0.034269 -0.150233  0.092239   
F2s                   0.254549 -0.061011 -0.218933  0.062129   

                      Директивный стиль  Аналитический стиль  \
Physical Aggression           -0.145585            -0.072698   
Anger                         -0.151869             0.074166   
Hostility                     -0.188489            -0.023981   
Всесилие                      -0.171163            -0.193587   
Неуязвимость                   0.018976             0.031248   
Уникальность                   0.026013             0.027178   
ОЭ                             0.091694             0.167595   
ОШКМ                          -0.051270            -0.322865   
ШЭС                           -0.006259            -0.216908   
ШЭМ                            0.098569             0.267437   
ШПС                           -0.212508            -0.296964   
ШКМ                            0.046867             0.301015   
ШНО                           -0.080391             0.041523   
ШЛСМ                          -0.006115             0.040629   
ШВ                            -0.049687            -0.101902   
ШСЖ                           -0.071905            -0.298716   
ШЛ                             0.007226            -0.057834   
Директивный стиль              1.000000             0.788191   
Аналитический стиль            0.788191             1.000000   
Концептуальный стиль           0.718432             0.739898   
Поведенческий стиль            0.709696             0.691122   
Безопасность                   0.026673            -0.049867   
Конформизм                    -0.010261            -0.005202   
Традиция                      -0.036697             0.016213   
Самостьятельность              0.211970             0.187236   
Риск-новизна                   0.028283             0.001247   
Гедонизм                       0.124475            -0.052123   
Достижение                     0.271556             0.106089   
Власть-Богатство               0.099025            -0.130368   
Благожелательность             0.098019             0.076890   
Универсализм                   0.132216             0.228600   
Неув.в прич.                  -0.186967            -0.308285   
Новизна                       -0.131708            -0.081758   
Сложность                      0.162402             0.130497   
Нерешенность                  -0.092753            -0.106223   
Общий                          0.122067             0.101419   
Политика                      -0.012106             0.143319   
Личный опыт                   -0.097522            -0.078041   
Воспитание                     0.028186             0.135962   
Спорт                          0.094878             0.103179   
СМИ                            0.046292             0.084851   
Общий                         -0.001596             0.068990   
F1o                           -0.011672            -0.055656   
F2o                            0.046099            -0.123617   
F1s                           -0.004645             0.052637   
F2s                            0.074922             0.118751   

                      Концептуальный стиль  Поведенческий стиль  Безопасность  \
Physical Aggression              -0.107076             0.084702      0.027045   
Anger                             0.041354             0.033319     -0.218813   
Hostility                         0.012254            -0.081556     -0.142090   
Всесилие                         -0.214403             0.015928      0.185814   
Неуязвимость                     -0.085139             0.195669      0.309991   
Уникальность                     -0.104149            -0.008440     -0.017274   
ОЭ                                0.244554             0.279569      0.039801   
ОШКМ                             -0.116772             0.006179      0.335281   
ШЭС                              -0.096769             0.070033      0.363440   
ШЭМ                               0.051895             0.069933     -0.037643   
ШПС                              -0.053185            -0.068415     -0.029650   
ШКМ                               0.304802             0.200752     -0.242968   
ШНО                               0.166904            -0.030492     -0.037828   
ШЛСМ                              0.115213            -0.068119     -0.240955   
ШВ                                0.071173            -0.179466     -0.264876   
ШСЖ                              -0.321718            -0.101973      0.326568   
ШЛ                                0.024419             0.036039      0.172277   
Директивный стиль                 0.718432             0.709696      0.026673   
Аналитический стиль               0.739898             0.691122     -0.049867   
Концептуальный стиль              1.000000             0.721544     -0.129613   
Поведенческий стиль               0.721544             1.000000     -0.005317   
Безопасность                     -0.129613            -0.005317      1.000000   
Конформизм                       -0.112037            -0.041653      0.285680   
Традиция                          0.043445            -0.000165      0.084688   
Самостьятельность                 0.361926             0.181136      0.040992   
Риск-новизна                      0.179139             0.049532     -0.058609   
Гедонизм                          0.152682             0.213414      0.225792   
Достижение                        0.130165             0.175524      0.467576   
Власть-Богатство                 -0.023053            -0.107056      0.410647   
Благожелательность                0.053360             0.258177      0.315188   
Универсализм                      0.225386             0.246482      0.217334   
Неув.в прич.                     -0.164025            -0.083512      0.238250   
Новизна                          -0.040748             0.002860     -0.004744   
Сложность                         0.047083             0.001746     -0.034796   
Нерешенность                     -0.110437             0.028972      0.136752   
Общий                            -0.010125             0.020399      0.007461   
Политика                          0.187990             0.250230      0.000073   
Личный опыт                       0.006028             0.219837      0.031990   
Воспитание                        0.085801             0.206651      0.094325   
Спорт                            -0.010042             0.110706      0.074330   
СМИ                              -0.111634             0.091796      0.073133   
Общий                             0.079218             0.258870      0.079026   
F1o                               0.208166             0.135859     -0.261356   
F2o                               0.166683             0.149193     -0.002953   
F1s                               0.063698            -0.011391     -0.033114   
F2s                               0.155097             0.201602      0.071766   

                      Конформизм  Традиция  Самостьятельность  Риск-новизна  \
Physical Aggression    -0.022537 -0.120010          -0.241115     -0.182317   
Anger                  -0.052175  0.115170           0.000643     -0.027027   
Hostility              -0.006113  0.151058          -0.022250      0.018663   
Всесилие                0.082056 -0.025410          -0.238835     -0.158152   
Неуязвимость            0.194418  0.054516          -0.184928     -0.203878   
Уникальность            0.146362  0.032794          -0.306512     -0.272729   
ОЭ                      0.123327  0.153115           0.038221     -0.026919   
ОШКМ                    0.213131  0.031959          -0.040065     -0.048272   
ШЭС                     0.249457  0.000438          -0.082594     -0.115587   
ШЭМ                     0.070204 -0.092068          -0.074322     -0.210312   
ШПС                     0.051363  0.026892           0.082541     -0.005931   
ШКМ                     0.006463  0.176699           0.064524      0.019661   
ШНО                    -0.140396 -0.020926           0.180748      0.017623   
ШЛСМ                   -0.114009  0.081090           0.033372      0.203095   
ШВ                      0.041300  0.113473           0.119883      0.107522   
ШСЖ                     0.109326 -0.158519          -0.128636     -0.015279   
ШЛ                      0.048356 -0.161996          -0.004223     -0.016499   
Директивный стиль      -0.010261 -0.036697           0.211970      0.028283   
Аналитический стиль    -0.005202  0.016213           0.187236      0.001247   
Концептуальный стиль   -0.112037  0.043445           0.361926      0.179139   
Поведенческий стиль    -0.041653 -0.000165           0.181136      0.049532   
Безопасность            0.285680  0.084688           0.040992     -0.058609   
Конформизм              1.000000  0.347500          -0.071470     -0.180735   
Традиция                0.347500  1.000000           0.284908      0.214412   
Самостьятельность      -0.071470  0.284908           1.000000      0.443665   
Риск-новизна           -0.180735  0.214412           0.443665      1.000000   
Гедонизм                0.034049  0.233763           0.447956      0.474550   
Достижение              0.190363  0.119857           0.279039      0.228086   
Власть-Богатство        0.253753  0.068502           0.181291      0.145152   
Благожелательность      0.139055  0.371558           0.491000      0.290626   
Универсализм            0.150931  0.408422           0.426821      0.325585   
Неув.в прич.            0.078583 -0.140250          -0.024089      0.050935   
Новизна                -0.082207 -0.317330          -0.136650      0.043754   
Сложность              -0.062944  0.101993           0.139345     -0.151734   
Нерешенность            0.153274 -0.209903          -0.119110      0.071063   
Общий                  -0.095939 -0.195067           0.064760     -0.187367   
Политика               -0.015098 -0.017110          -0.050792     -0.058648   
Личный опыт            -0.106199 -0.095752          -0.208572     -0.183976   
Воспитание             -0.164509 -0.109877          -0.117150      0.020797   
Спорт                   0.042178  0.090348           0.063671      0.022410   
СМИ                    -0.059317 -0.154445          -0.148589     -0.101066   
Общий                  -0.040165 -0.050846          -0.067267     -0.072199   
F1o                    -0.318695  0.087693           0.403998      0.424682   
F2o                    -0.152609 -0.019574           0.269401      0.350521   
F1s                    -0.033176  0.063286          -0.113968      0.070022   
F2s                     0.085832  0.218354           0.099423      0.117947   

                          Гедонизм  Достижение  Власть-Богатство  \
Physical Aggression  -1.824598e-01   -0.192878         -0.301341   
Anger                -1.957773e-01   -0.228565         -0.367906   
Hostility            -2.323901e-01   -0.172724         -0.295513   
Всесилие             -2.594836e-02   -0.114536         -0.163319   
Неуязвимость         -8.735152e-02   -0.028382         -0.173355   
Уникальность         -2.969387e-01   -0.026776         -0.069914   
ОЭ                    3.230796e-02   -0.017079         -0.315715   
ОШКМ                  3.189421e-01    0.240641          0.365117   
ШЭС                   2.126122e-01    0.204736          0.310914   
ШЭМ                  -3.740092e-01   -0.231495         -0.186746   
ШПС                   5.671812e-02   -0.230119         -0.022415   
ШКМ                  -1.309353e-01   -0.194022         -0.426177   
ШНО                  -4.693828e-02   -0.240527         -0.124291   
ШЛСМ                 -1.484702e-02   -0.051705         -0.126076   
ШВ                    3.270070e-02   -0.178528         -0.008884   
ШСЖ                   1.378319e-01    0.284017          0.415619   
ШЛ                    1.182534e-01    0.230652          0.097598   
Директивный стиль     1.244750e-01    0.271556          0.099025   
Аналитический стиль  -5.212255e-02    0.106089         -0.130368   
Концептуальный стиль  1.526819e-01    0.130165         -0.023053   
Поведенческий стиль   2.134138e-01    0.175524         -0.107056   
Безопасность          2.257923e-01    0.467576          0.410647   
Конформизм            3.404909e-02    0.190363          0.253753   
Традиция              2.337632e-01    0.119857          0.068502   
Самостьятельность     4.479565e-01    0.279039          0.181291   
Риск-новизна          4.745500e-01    0.228086          0.145152   
Гедонизм              1.000000e+00    0.478725          0.391594   
Достижение            4.787247e-01    1.000000          0.590329   
Власть-Богатство      3.915936e-01    0.590329          1.000000   
Благожелательность    4.093961e-01    0.351751          0.170358   
Универсализм          3.082370e-01    0.172351         -0.001849   
Неув.в прич.          1.072070e-01   -0.014097          0.194184   
Новизна              -1.026336e-01   -0.084244         -0.061427   
Сложность             2.185168e-17   -0.122544         -0.125283   
Нерешенность         -5.076721e-03    0.128715          0.154235   
Общий                -8.703983e-02   -0.212607         -0.185282   
Политика             -5.284796e-02    0.089036         -0.104326   
Личный опыт          -1.335139e-01   -0.145259         -0.343660   
Воспитание           -6.535476e-02    0.036818         -0.191173   
Спорт                -8.839451e-03    0.142690         -0.174411   
СМИ                  -1.168017e-01   -0.210395         -0.282655   
Общий                -1.719257e-02    0.032482         -0.233787   
F1o                   2.393660e-01    0.028896         -0.001275   
F2o                   3.005550e-01    0.154067          0.094522   
F1s                  -2.934056e-02    0.079254         -0.037104   
F2s                   1.862812e-01    0.070052         -0.086573   

                      Благожелательность  Универсализм  Неув.в прич.  \
Physical Aggression            -0.055146     -0.087456     -0.068301   
Anger                          -0.055589      0.014924     -0.129835   
Hostility                       0.004272      0.033706     -0.197533   
Всесилие                       -0.003239      0.103488      0.227001   
Неуязвимость                    0.085150      0.129525      0.175327   
Уникальность                   -0.071406     -0.172569     -0.145405   
ОЭ                              0.091709      0.290484     -0.257339   
ОШКМ                            0.122487      0.012828      0.450896   
ШЭС                             0.126679      0.062864      0.456720   
ШЭМ                            -0.172252      0.022154      0.062537   
ШПС                            -0.154350     -0.050476      0.318584   
ШКМ                            -0.052870      0.163764     -0.361389   
ШНО                            -0.198538      0.066206     -0.021794   
ШЛСМ                           -0.053048      0.009246     -0.461188   
ШВ                             -0.127889      0.096528     -0.042491   
ШСЖ                             0.138771     -0.133763      0.444895   
ШЛ                             -0.003922      0.063836      0.021570   
Директивный стиль               0.098019      0.132216     -0.186967   
Аналитический стиль             0.076890      0.228600     -0.308285   
Концептуальный стиль            0.053360      0.225386     -0.164025   
Поведенческий стиль             0.258177      0.246482     -0.083512   
Безопасность                    0.315188      0.217334      0.238250   
Конформизм                      0.139055      0.150931      0.078583   
Традиция                        0.371558      0.408422     -0.140250   
Самостьятельность               0.491000      0.426821     -0.024089   
Риск-новизна                    0.290626      0.325585      0.050935   
Гедонизм                        0.409396      0.308237      0.107207   
Достижение                      0.351751      0.172351     -0.014097   
Власть-Богатство                0.170358     -0.001849      0.194184   
Благожелательность              1.000000      0.564538     -0.029635   
Универсализм                    0.564538      1.000000      0.003386   
Неув.в прич.                   -0.029635      0.003386      1.000000   
Новизна                        -0.127832     -0.166885      0.164689   
Сложность                       0.146943      0.130326     -0.132575   
Нерешенность                   -0.085260     -0.119864      0.114652   
Общий                           0.102631      0.024033     -0.032405   
Политика                       -0.027969      0.073797     -0.054471   
Личный опыт                     0.049639     -0.007936     -0.042974   
Воспитание                      0.075728      0.121926     -0.084769   
Спорт                           0.214328      0.157817     -0.329614   
СМИ                             0.251925      0.090794     -0.128781   
Общий                           0.143121      0.119017     -0.098308   
F1o                             0.345842      0.139667      0.024584   
F2o                             0.244663      0.053431      0.179513   
F1s                             0.002051     -0.001699     -0.388004   
F2s                             0.208977      0.254480     -0.187123   

                       Новизна     Сложность  Нерешенность    Общий   \
Physical Aggression   0.196843 -2.150482e-02      0.058819  0.155549   
Anger                 0.013926  5.818424e-02     -0.024639  0.098455   
Hostility            -0.000011  4.275822e-02     -0.013585  0.066276   
Всесилие             -0.066283  6.782600e-02      0.004179  0.064004   
Неуязвимость          0.032773 -1.782081e-01      0.143811 -0.204013   
Уникальность         -0.110509 -2.565140e-02      0.012742 -0.128258   
ОЭ                    0.147421 -1.212938e-01      0.087155 -0.041541   
ОШКМ                  0.035632 -1.531462e-01      0.213337 -0.122551   
ШЭС                   0.078095 -1.773366e-01      0.247305 -0.111477   
ШЭМ                   0.236415 -4.369577e-02      0.032333  0.136266   
ШПС                   0.226734 -3.594298e-02      0.073296  0.162885   
ШКМ                   0.151117 -6.747456e-02      0.008691  0.013049   
ШНО                   0.156357 -1.089550e-02     -0.046368  0.085803   
ШЛСМ                  0.033735  1.390281e-01     -0.179269  0.173079   
ШВ                   -0.111904  1.089720e-01     -0.103976  0.040874   
ШСЖ                  -0.035665 -2.009777e-02      0.103535 -0.010012   
ШЛ                    0.127752 -2.044332e-01      0.147154 -0.169152   
Директивный стиль    -0.131708  1.624021e-01     -0.092753  0.122067   
Аналитический стиль  -0.081758  1.304974e-01     -0.106223  0.101419   
Концептуальный стиль -0.040748  4.708281e-02     -0.110437 -0.010125   
Поведенческий стиль   0.002860  1.745977e-03      0.028972  0.020399   
Безопасность         -0.004744 -3.479649e-02      0.136752  0.007461   
Конформизм           -0.082207 -6.294355e-02      0.153274 -0.095939   
Традиция             -0.317330  1.019927e-01     -0.209903 -0.195067   
Самостьятельность    -0.136650  1.393454e-01     -0.119110  0.064760   
Риск-новизна          0.043754 -1.517344e-01      0.071063 -0.187367   
Гедонизм             -0.102634  2.185168e-17     -0.005077 -0.087040   
Достижение           -0.084244 -1.225443e-01      0.128715 -0.212607   
Власть-Богатство     -0.061427 -1.252833e-01      0.154235 -0.185282   
Благожелательность   -0.127832  1.469432e-01     -0.085260  0.102631   
Универсализм         -0.166885  1.303258e-01     -0.119864  0.024033   
Неув.в прич.          0.164689 -1.325753e-01      0.114652 -0.032405   
Новизна               1.000000 -7.696893e-01      0.592557 -0.190023   
Сложность            -0.769689  1.000000e+00     -0.686373  0.725732   
Нерешенность          0.592557 -6.863729e-01      1.000000 -0.170494   
Общий                -0.190023  7.257325e-01     -0.170494  1.000000   
Политика              0.241320 -1.658673e-01      0.201990  0.018884   
Личный опыт           0.232762 -9.066432e-02      0.134556  0.105806   
Воспитание            0.330500 -2.136973e-01      0.203402  0.010913   
Спорт                -0.039592  1.776951e-02      0.027814  0.012371   
СМИ                   0.059483  1.370630e-01      0.038785  0.304171   
Общий                 0.218876 -6.059513e-02      0.179070  0.169091   
F1o                   0.073493 -2.709621e-02      0.032255  0.030718   
F2o                   0.103911  6.610713e-03      0.051012  0.123296   
F1s                   0.156045 -1.019505e-01      0.043355 -0.023906   
F2s                  -0.011574  5.213227e-02      0.099618  0.131284   

                      Политика  Личный опыт  Воспитание     Спорт       СМИ  \
Physical Aggression   0.369731     0.571775    0.313929  0.231677  0.178407   
Anger                 0.110061     0.182167    0.120997  0.124901  0.093170   
Hostility             0.208033     0.180088    0.103275  0.152361  0.035677   
Всесилие              0.149250     0.309821    0.199345  0.119922  0.121779   
Неуязвимость          0.092444     0.292822    0.215467  0.262014  0.133332   
Уникальность          0.014495     0.162182    0.133976  0.126049  0.197862   
ОЭ                    0.338034     0.281080    0.243918  0.230046 -0.015454   
ОШКМ                 -0.089314     0.084689   -0.036691 -0.077527 -0.061589   
ШЭС                   0.010717     0.116027    0.039872 -0.073787 -0.045221   
ШЭМ                   0.246328    -0.027728    0.123586 -0.129967 -0.028987   
ШПС                   0.078458    -0.035365   -0.029629 -0.197543 -0.121887   
ШКМ                   0.353798     0.163175    0.218084  0.182502  0.058590   
ШНО                   0.234318    -0.002717    0.104449  0.051641 -0.149978   
ШЛСМ                  0.007189    -0.100482    0.017616  0.136517  0.130071   
ШВ                   -0.114571    -0.167185   -0.101100 -0.095415 -0.145221   
ШСЖ                  -0.226031    -0.099568   -0.127459 -0.264690 -0.059785   
ШЛ                    0.114826    -0.073229    0.116611  0.058309 -0.084540   
Директивный стиль    -0.012106    -0.097522    0.028186  0.094878  0.046292   
Аналитический стиль   0.143319    -0.078041    0.135962  0.103179  0.084851   
Концептуальный стиль  0.187990     0.006028    0.085801 -0.010042 -0.111634   
Поведенческий стиль   0.250230     0.219837    0.206651  0.110706  0.091796   
Безопасность          0.000073     0.031990    0.094325  0.074330  0.073133   
Конформизм           -0.015098    -0.106199   -0.164509  0.042178 -0.059317   
Традиция             -0.017110    -0.095752   -0.109877  0.090348 -0.154445   
Самостьятельность    -0.050792    -0.208572   -0.117150  0.063671 -0.148589   
Риск-новизна         -0.058648    -0.183976    0.020797  0.022410 -0.101066   
Гедонизм             -0.052848    -0.133514   -0.065355 -0.008839 -0.116802   
Достижение            0.089036    -0.145259    0.036818  0.142690 -0.210395   
Власть-Богатство     -0.104326    -0.343660   -0.191173 -0.174411 -0.282655   
Благожелательность   -0.027969     0.049639    0.075728  0.214328  0.251925   
Универсализм          0.073797    -0.007936    0.121926  0.157817  0.090794   
Неув.в прич.         -0.054471    -0.042974   -0.084769 -0.329614 -0.128781   
Новизна               0.241320     0.232762    0.330500 -0.039592  0.059483   
Сложность            -0.165867    -0.090664   -0.213697  0.017770  0.137063   
Нерешенность          0.201990     0.134556    0.203402  0.027814  0.038785   
Общий                 0.018884     0.105806    0.010913  0.012371  0.304171   
Политика              1.000000     0.498216    0.603499  0.105721 -0.133107   
Личный опыт           0.498216     1.000000    0.568494  0.322930  0.245533   
Воспитание            0.603499     0.568494    1.000000  0.385069  0.174018   
Спорт                 0.105721     0.322930    0.385069  1.000000  0.286993   
СМИ                  -0.133107     0.245533    0.174018  0.286993  1.000000   
Общий                 0.767937     0.782662    0.787401  0.488170  0.254039   
F1o                   0.014375    -0.059499   -0.029336 -0.170977 -0.006813   
F2o                   0.092008     0.027715    0.048534 -0.009639 -0.012674   
F1s                   0.321473     0.164154    0.242616  0.111518  0.007890   
F2s                   0.304679     0.116935    0.084517  0.201139  0.112933   

                         Общий       F1o       F2o       F1s       F2s  
Physical Aggression   0.475671 -0.192383  0.057133  0.196329  0.125117  
Anger                 0.163243 -0.100581 -0.194044  0.167139  0.086189  
Hostility             0.176707  0.026089  0.083842  0.303562  0.263441  
Всесилие              0.272501 -0.175288 -0.033774 -0.149597 -0.050923  
Неуязвимость          0.237070 -0.243666 -0.198304 -0.165349  0.026813  
Уникальность          0.130726 -0.328474 -0.145733  0.138715  0.006713  
ОЭ                    0.323205  0.025908  0.052802  0.131047  0.330574  
ОШКМ                  0.008262  0.027460  0.135365 -0.363772 -0.160371  
ШЭС                   0.071355 -0.038143  0.069103 -0.378728 -0.153018  
ШЭМ                   0.066722 -0.250010 -0.092249  0.068628  0.067931  
ШПС                   0.016335  0.028828  0.302906 -0.031881  0.089002  
ШКМ                   0.305609  0.007516  0.000340  0.309810  0.340550  
ШНО                   0.132939 -0.101533  0.165311  0.068888  0.186715  
ШЛСМ                 -0.014437  0.121503  0.093420  0.480797  0.254549  
ШВ                   -0.121296  0.118203  0.010051 -0.034269 -0.061011  
ШСЖ                  -0.195158  0.046583  0.034812 -0.150233 -0.218933  
ШЛ                    0.070468  0.011394  0.128953  0.092239  0.062129  
Директивный стиль    -0.001596 -0.011672  0.046099 -0.004645  0.074922  
Аналитический стиль   0.068990 -0.055656 -0.123617  0.052637  0.118751  
Концептуальный стиль  0.079218  0.208166  0.166683  0.063698  0.155097  
Поведенческий стиль   0.258870  0.135859  0.149193 -0.011391  0.201602  
Безопасность          0.079026 -0.261356 -0.002953 -0.033114  0.071766  
Конформизм           -0.040165 -0.318695 -0.152609 -0.033176  0.085832  
Традиция             -0.050846  0.087693 -0.019574  0.063286  0.218354  
Самостьятельность    -0.067267  0.403998  0.269401 -0.113968  0.099423  
Риск-новизна         -0.072199  0.424682  0.350521  0.070022  0.117947  
Гедонизм             -0.017193  0.239366  0.300555 -0.029341  0.186281  
Достижение            0.032482  0.028896  0.154067  0.079254  0.070052  
Власть-Богатство     -0.233787 -0.001275  0.094522 -0.037104 -0.086573  
Благожелательность    0.143121  0.345842  0.244663  0.002051  0.208977  
Универсализм          0.119017  0.139667  0.053431 -0.001699  0.254480  
Неув.в прич.         -0.098308  0.024584  0.179513 -0.388004 -0.187123  
Новизна               0.218876  0.073493  0.103911  0.156045 -0.011574  
Сложность            -0.060595 -0.027096  0.006611 -0.101950  0.052132  
Нерешенность          0.179070  0.032255  0.051012  0.043355  0.099618  
Общий                 0.169091  0.030718  0.123296 -0.023906  0.131284  
Политика              0.767937  0.014375  0.092008  0.321473  0.304679  
Личный опыт           0.782662 -0.059499  0.027715  0.164154  0.116935  
Воспитание            0.787401 -0.029336  0.048534  0.242616  0.084517  
Спорт                 0.488170 -0.170977 -0.009639  0.111518  0.201139  
СМИ                   0.254039 -0.006813 -0.012674  0.007890  0.112933  
Общий                 1.000000 -0.043124  0.107622  0.277835  0.266121  
F1o                  -0.043124  1.000000  0.456295  0.000183 -0.015696  
F2o                   0.107622  0.456295  1.000000 -0.046111  0.205737  
F1s                   0.277835  0.000183 -0.046111  1.000000  0.368462  
F2s                   0.266121 -0.015696  0.205737  0.368462  1.000000  
