                      Physical Aggression     Anger  Hostility  Всесилие  \
Physical Aggression              1.000000  0.398922   0.302833  0.257156   
Anger                            0.398922  1.000000   0.532354  0.032689   
Hostility                        0.302833  0.532354   1.000000  0.061435   
Всесилие                         0.257156  0.032689   0.061435  1.000000   
Неуязвимость                     0.107443 -0.126784  -0.106197  0.432289   
Уникальность                     0.123430  0.136326   0.285470  0.112045   
ОЭ                               0.157115  0.152099   0.324489  0.086276   
ОШКМ                            -0.206766 -0.524235  -0.453604  0.229861   
ШЭС                             -0.155393 -0.511991  -0.410366  0.310500   
ШЭМ                              0.155812  0.270140   0.256360  0.038091   
ШПС                             -0.001336  0.031469   0.108891  0.198571   
ШКМ                              0.229410  0.458958   0.468006  0.048164   
ШНО                              0.079454  0.028444   0.176120  0.148336   
ШЛСМ                            -0.012578  0.269691   0.344286 -0.287046   
ШВ                              -0.218233 -0.132915  -0.101302 -0.157667   
ШСЖ                             -0.139625 -0.328300  -0.193322  0.009906   
ШЛ                              -0.149982 -0.490324  -0.170196  0.096345   
Директивный стиль               -0.280901 -0.320417  -0.249908 -0.204378   
Аналитический стиль             -0.119041  0.010255  -0.047132 -0.254188   
Концептуальный стиль            -0.196359 -0.038103   0.016605 -0.175018   
Поведенческий стиль              0.009409 -0.046572  -0.116227  0.109792   
Безопасность                     0.011301 -0.238033  -0.145912  0.115849   
Конформизм                       0.054183 -0.021767   0.007181 -0.002353   
Традиция                        -0.049880  0.157746   0.180695  0.011177   
Самостьятельность               -0.214272  0.016618  -0.002510 -0.270828   
Риск-новизна                    -0.152078 -0.018865   0.027566 -0.138403   
Гедонизм                        -0.171945 -0.157761  -0.213045 -0.154439   
Достижение                      -0.196142 -0.202673  -0.173747 -0.221602   
Власть-Богатство                -0.313306 -0.358521  -0.287729 -0.205876   
Благожелательность              -0.015567 -0.000457   0.042815 -0.072765   
Универсализм                    -0.036419  0.032271   0.058830  0.110213   
Неув.в прич.                    -0.070610 -0.080298  -0.145906  0.322596   
Новизна                          0.169071  0.006725  -0.052562 -0.046003   
Сложность                       -0.007724  0.063229   0.053612  0.024344   
Нерешенность                     0.076662 -0.010656  -0.033569 -0.022673   
Общий                            0.099247  0.115901   0.116676  0.014592   
Политика                         0.344268  0.098190   0.223064  0.177279   
Личный опыт                      0.527761  0.173585   0.132837  0.297342   
Воспитание                       0.313855  0.101147   0.058229  0.220433   
Спорт                            0.250718  0.155479   0.132628 -0.014315   
СМИ                              0.163732  0.080831   0.008715  0.038594   
Общий                            0.471825  0.187006   0.197538  0.212611   
F1o                             -0.198257 -0.075129   0.014727 -0.149989   
F2o                              0.042346 -0.148817   0.049131  0.036518   
F1s                              0.177988  0.147445   0.284201 -0.215027   
F2s                              0.233065  0.114338   0.288664 -0.037789   

                      Неуязвимость  Уникальность        ОЭ      ОШКМ  \
Physical Aggression       0.107443      0.123430  0.157115 -0.206766   
Anger                    -0.126784      0.136326  0.152099 -0.524235   
Hostility                -0.106197      0.285470  0.324489 -0.453604   
Всесилие                  0.432289      0.112045  0.086276  0.229861   
Неуязвимость              1.000000      0.120441  0.111887  0.285797   
Уникальность              0.120441      1.000000  0.023389 -0.000326   
ОЭ                        0.111887      0.023389  1.000000 -0.229398   
ОШКМ                      0.285797     -0.000326 -0.229398  1.000000   
ШЭС                       0.440952      0.023058 -0.154438  0.896268   
ШЭМ                       0.023677      0.149549  0.201010 -0.484938   
ШПС                      -0.120364      0.015067  0.118033  0.224561   
ШКМ                      -0.041446      0.123667  0.638466 -0.548380   
ШНО                       0.000932      0.003251  0.228859 -0.109588   
ШЛСМ                     -0.406959      0.001662  0.140291 -0.447807   
ШВ                       -0.218704     -0.244275 -0.004368  0.017989   
ШСЖ                       0.008004     -0.040620 -0.351252  0.410805   
ШЛ                        0.177700      0.056862  0.101711  0.307387   
Директивный стиль         0.111604      0.013084 -0.011692  0.057728   
Аналитический стиль       0.122969      0.001804  0.139968 -0.326502   
Концептуальный стиль     -0.022634     -0.205991  0.217506 -0.012824   
Поведенческий стиль       0.345539     -0.035197  0.228722  0.099027   
Безопасность              0.387861     -0.033032  0.044525  0.298259   
Конформизм                0.215284      0.178064  0.162253  0.136960   
Традиция                  0.075125      0.047186  0.142646 -0.022185   
Самостьятельность        -0.242536     -0.310073  0.059309 -0.076365   
Риск-новизна             -0.208275     -0.284319 -0.026390 -0.054804   
Гедонизм                 -0.114539     -0.294618 -0.041376  0.217189   
Достижение               -0.000467     -0.020301 -0.070446  0.196226   
Власть-Богатство         -0.179036     -0.068093 -0.284324  0.290833   
Благожелательность        0.043626     -0.008520  0.068388  0.091555   
Универсализм              0.106352     -0.077403  0.318458  0.019255   
Неув.в прич.              0.117506     -0.113112 -0.233202  0.411826   
Новизна                   0.018762     -0.171415  0.145833  0.009371   
Сложность                -0.180325      0.008992 -0.129546 -0.111759   
Нерешенность              0.146987      0.041323  0.097034  0.206956   
Общий                    -0.227758     -0.025799 -0.078994 -0.109194   
Политика                  0.109369      0.003035  0.308405 -0.141165   
Личный опыт               0.277107      0.168133  0.193378  0.037174   
Воспитание                0.196948      0.152415  0.227659 -0.075128   
Спорт                     0.258166      0.135950  0.211583 -0.061608   
СМИ                       0.118029      0.225936 -0.015359  0.007018   
Общий                     0.215766      0.159475  0.286081 -0.056003   
F1o                      -0.278717     -0.245612  0.004884  0.024971   
F2o                      -0.204139     -0.178205  0.072283  0.052223   
F1s                      -0.174898      0.061408  0.106572 -0.337698   
F2s                      -0.048970      0.041525  0.329891 -0.184373   

                           ШЭС       ШЭМ       ШПС       ШКМ       ШНО  \
Physical Aggression  -0.155393  0.155812 -0.001336  0.229410  0.079454   
Anger                -0.511991  0.270140  0.031469  0.458958  0.028444   
Hostility            -0.410366  0.256360  0.108891  0.468006  0.176120   
Всесилие              0.310500  0.038091  0.198571  0.048164  0.148336   
Неуязвимость          0.440952  0.023677 -0.120364 -0.041446  0.000932   
Уникальность          0.023058  0.149549  0.015067  0.123667  0.003251   
ОЭ                   -0.154438  0.201010  0.118033  0.638466  0.228859   
ОШКМ                  0.896268 -0.484938  0.224561 -0.548380 -0.109588   
ШЭС                   1.000000 -0.224724  0.160688 -0.453059 -0.088808   
ШЭМ                  -0.224724  1.000000  0.226519  0.320498  0.299416   
ШПС                   0.160688  0.226519  1.000000  0.024847  0.462594   
ШКМ                  -0.453059  0.320498  0.024847  1.000000  0.267825   
ШНО                  -0.088808  0.299416  0.462594  0.267825  1.000000   
ШЛСМ                 -0.517087  0.135967  0.130631  0.311547  0.135704   
ШВ                   -0.005771 -0.093706  0.007687 -0.065341 -0.020563   
ШСЖ                   0.368713 -0.116973  0.048637 -0.672320 -0.522731   
ШЛ                    0.310140 -0.110982  0.183316 -0.024075  0.225234   
Директивный стиль     0.076213 -0.064222 -0.373579 -0.105483 -0.092366   
Аналитический стиль  -0.192997  0.215773 -0.510934  0.239189  0.030923   
Концептуальный стиль -0.040363 -0.166938 -0.156103  0.227251  0.158838   
Поведенческий стиль   0.149975 -0.101573 -0.090250  0.144898  0.040524   
Безопасность          0.332288  0.000564 -0.078630 -0.240361 -0.047673   
Конформизм            0.201093  0.098999  0.011160  0.055659 -0.172285   
Традиция             -0.038210 -0.102290  0.029987  0.215122 -0.055275   
Самостьятельность    -0.145558 -0.079449  0.015411  0.029199  0.153269   
Риск-новизна         -0.128424 -0.218256 -0.091077  0.003242 -0.048401   
Гедонизм              0.094236 -0.411576 -0.005474 -0.167621 -0.133222   
Достижение            0.112887 -0.202056 -0.182454 -0.116969 -0.143352   
Власть-Богатство      0.238161 -0.226899 -0.054398 -0.384325 -0.074266   
Благожелательность    0.070761 -0.135518 -0.111708 -0.029017 -0.147622   
Универсализм          0.022534 -0.003683 -0.134178  0.124984  0.051735   
Неув.в прич.          0.415463  0.045856  0.291446 -0.323899 -0.064754   
Новизна               0.029506  0.232834  0.200977  0.121498  0.131943   
Сложность            -0.125383 -0.046941 -0.039099 -0.108741 -0.032587   
Нерешенность          0.238938  0.047602  0.137083  0.049026 -0.006130   
Общий                -0.104583  0.077396  0.022417 -0.049283 -0.092623   
Политика             -0.055481  0.240675  0.085985  0.334847  0.277523   
Личный опыт           0.047446 -0.029931 -0.027355  0.128443  0.042618   
Воспитание           -0.000695  0.148703 -0.025125  0.195555  0.082806   
Спорт                -0.091246 -0.091433 -0.154230  0.180975  0.116398   
СМИ                   0.004191  0.005045 -0.151087  0.012878 -0.232128   
Общий                -0.018718  0.067128 -0.017205  0.291523  0.150758   
F1o                  -0.105691 -0.235639  0.051945  0.007856 -0.114908   
F2o                  -0.053490 -0.090296  0.314109  0.027234  0.158498   
F1s                  -0.366607  0.051939 -0.085328  0.275844  0.032777   
F2s                  -0.175854  0.083671  0.052802  0.348976  0.204087   

                          ШЛСМ        ШВ       ШСЖ        ШЛ  \
Physical Aggression  -0.012578 -0.218233 -0.139625 -0.149982   
Anger                 0.269691 -0.132915 -0.328300 -0.490324   
Hostility             0.344286 -0.101302 -0.193322 -0.170196   
Всесилие             -0.287046 -0.157667  0.009906  0.096345   
Неуязвимость         -0.406959 -0.218704  0.008004  0.177700   
Уникальность          0.001662 -0.244275 -0.040620  0.056862   
ОЭ                    0.140291 -0.004368 -0.351252  0.101711   
ОШКМ                 -0.447807  0.017989  0.410805  0.307387   
ШЭС                  -0.517087 -0.005771  0.368713  0.310140   
ШЭМ                   0.135967 -0.093706 -0.116973 -0.110982   
ШПС                   0.130631  0.007687  0.048637  0.183316   
ШКМ                   0.311547 -0.065341 -0.672320 -0.024075   
ШНО                   0.135704 -0.020563 -0.522731  0.225234   
ШЛСМ                  1.000000  0.169802 -0.296850  0.028626   
ШВ                    0.169802  1.000000 -0.051156  0.044685   
ШСЖ                  -0.296850 -0.051156  1.000000 -0.028263   
ШЛ                    0.028626  0.044685 -0.028263  1.000000   
Директивный стиль    -0.117482  0.029674 -0.049207  0.127604   
Аналитический стиль  -0.099539 -0.132922 -0.305506 -0.005550   
Концептуальный стиль  0.007219  0.120228 -0.309192  0.122798   
Поведенческий стиль  -0.204448 -0.206018 -0.135608  0.179488   
Безопасность         -0.205158 -0.149311  0.324501  0.198550   
Конформизм           -0.078116  0.090475  0.108420  0.048910   
Традиция              0.134751  0.107557 -0.164057 -0.213508   
Самостьятельность     0.033564  0.108065 -0.140303 -0.036698   
Риск-новизна          0.203293  0.074117 -0.027376 -0.061820   
Гедонизм              0.018886 -0.011261  0.142884  0.041336   
Достижение            0.028411 -0.099781  0.169902  0.234934   
Власть-Богатство     -0.024676  0.104824  0.349680  0.082732   
Благожелательность    0.008732 -0.046392  0.100549  0.018837   
Универсализм         -0.041390  0.118723 -0.123921  0.030354   
Неув.в прич.         -0.448486 -0.012504  0.423070  0.000636   
Новизна               0.004952 -0.108316 -0.016842  0.149593   
Сложность             0.098181  0.066539  0.002401 -0.177231   
Нерешенность         -0.189651 -0.074724  0.086320  0.137094   
Общий                 0.133211  0.050529  0.020214 -0.192774   
Политика             -0.056690 -0.056682 -0.202697  0.073981   
Личный опыт          -0.169113 -0.190607 -0.087369 -0.096403   
Воспитание           -0.026208 -0.084951 -0.079219  0.086330   
Спорт                 0.159091 -0.102274 -0.284446  0.069098   
СМИ                   0.061824 -0.166155 -0.013030  0.036098   
Общий                -0.052853 -0.099077 -0.187658  0.040838   
F1o                   0.112697  0.053501  0.002431  0.029370   
F2o                   0.123483  0.015326  0.000979  0.145977   
F1s                   0.462099  0.058667 -0.151609  0.041799   
F2s                   0.266028 -0.018542 -0.240804  0.051902   

                      Директивный стиль  Аналитический стиль  \
Physical Aggression           -0.280901            -0.119041   
Anger                         -0.320417             0.010255   
Hostility                     -0.249908            -0.047132   
Всесилие                      -0.204378            -0.254188   
Неуязвимость                   0.111604             0.122969   
Уникальность                   0.013084             0.001804   
ОЭ                            -0.011692             0.139968   
ОШКМ                           0.057728            -0.326502   
ШЭС                            0.076213            -0.192997   
ШЭМ                           -0.064222             0.215773   
ШПС                           -0.373579            -0.510934   
ШКМ                           -0.105483             0.239189   
ШНО                           -0.092366             0.030923   
ШЛСМ                          -0.117482            -0.099539   
ШВ                             0.029674            -0.132922   
ШСЖ                           -0.049207            -0.305506   
ШЛ                             0.127604            -0.005550   
Директивный стиль              1.000000             0.654156   
Аналитический стиль            0.654156             1.000000   
Концептуальный стиль           0.351304             0.446734   
Поведенческий стиль            0.373534             0.414191   
Безопасность                   0.228683             0.095475   
Конформизм                     0.000057             0.028552   
Традиция                      -0.033736             0.022396   
Самостьятельность              0.214944             0.206601   
Риск-новизна                   0.024167            -0.001458   
Гедонизм                       0.077449            -0.094418   
Достижение                     0.344752             0.128722   
Власть-Богатство               0.157728            -0.122167   
Благожелательность             0.186584             0.099501   
Универсализм                   0.144806             0.243890   
Неув.в прич.                  -0.193430            -0.321983   
Новизна                       -0.231796            -0.085727   
Сложность                      0.209446             0.093941   
Нерешенность                  -0.150456            -0.079109   
Общий                          0.143452             0.059709   
Политика                      -0.225107             0.009268   
Личный опыт                   -0.277780            -0.157291   
Воспитание                    -0.117523             0.049045   
Спорт                          0.103129             0.091005   
СМИ                            0.054668             0.117518   
Общий                         -0.170841            -0.026661   
F1o                           -0.050694            -0.101977   
F2o                           -0.081967            -0.254328   
F1s                           -0.051276             0.031058   
F2s                           -0.032752             0.073567   

                      Концептуальный стиль  Поведенческий стиль  Безопасность  \
Physical Aggression              -0.196359             0.009409      0.011301   
Anger                            -0.038103            -0.046572     -0.238033   
Hostility                         0.016605            -0.116227     -0.145912   
Всесилие                         -0.175018             0.109792      0.115849   
Неуязвимость                     -0.022634             0.345539      0.387861   
Уникальность                     -0.205991            -0.035197     -0.033032   
ОЭ                                0.217506             0.228722      0.044525   
ОШКМ                             -0.012824             0.099027      0.298259   
ШЭС                              -0.040363             0.149975      0.332288   
ШЭМ                              -0.166938            -0.101573      0.000564   
ШПС                              -0.156103            -0.090250     -0.078630   
ШКМ                               0.227251             0.144898     -0.240361   
ШНО                               0.158838             0.040524     -0.047673   
ШЛСМ                              0.007219            -0.204448     -0.205158   
ШВ                                0.120228            -0.206018     -0.149311   
ШСЖ                              -0.309192            -0.135608      0.324501   
ШЛ                                0.122798             0.179488      0.198550   
Директивный стиль                 0.351304             0.373534      0.228683   
Аналитический стиль               0.446734             0.414191      0.095475   
Концептуальный стиль              1.000000             0.449687     -0.073953   
Поведенческий стиль               0.449687             1.000000      0.087848   
Безопасность                     -0.073953             0.087848      1.000000   
Конформизм                       -0.167546            -0.076743      0.275357   
Традиция                          0.099834             0.007755     -0.028896   
Самостьятельность                 0.505499             0.187594     -0.069262   
Риск-новизна                      0.284191             0.086191     -0.168451   
Гедонизм                          0.200286             0.244142      0.045152   
Достижение                        0.152738             0.161753      0.386267   
Власть-Богатство                 -0.019478            -0.133138      0.307677   
Благожелательность                0.105998             0.332343      0.201667   
Универсализм                      0.322312             0.314139      0.145153   
Неув.в прич.                     -0.126621            -0.081520      0.149435   
Новизна                          -0.094072            -0.002723      0.022634   
Сложность                         0.016023            -0.054662      0.011104   
Нерешенность                     -0.107544             0.078754      0.159150   
Общий                            -0.069955            -0.084178     -0.020792   
Политика                          0.086101             0.165463     -0.072912   
Личный опыт                      -0.080261             0.152689      0.022245   
Воспитание                       -0.048462             0.140841      0.038144   
Спорт                            -0.070305             0.115677      0.066831   
СМИ                              -0.098783             0.155591      0.079577   
Общий                            -0.027408             0.172961      0.007763   
F1o                               0.294467             0.134860     -0.342469   
F2o                               0.112029             0.059260     -0.100310   
F1s                               0.055323            -0.058167     -0.070791   
F2s                               0.089525             0.173254      0.000994   

                      Конформизм  Традиция  Самостьятельность  Риск-новизна  \
Physical Aggression     0.054183 -0.049880          -0.214272     -0.152078   
Anger                  -0.021767  0.157746           0.016618     -0.018865   
Hostility               0.007181  0.180695          -0.002510      0.027566   
Всесилие               -0.002353  0.011177          -0.270828     -0.138403   
Неуязвимость            0.215284  0.075125          -0.242536     -0.208275   
Уникальность            0.178064  0.047186          -0.310073     -0.284319   
ОЭ                      0.162253  0.142646           0.059309     -0.026390   
ОШКМ                    0.136960 -0.022185          -0.076365     -0.054804   
ШЭС                     0.201093 -0.038210          -0.145558     -0.128424   
ШЭМ                     0.098999 -0.102290          -0.079449     -0.218256   
ШПС                     0.011160  0.029987           0.015411     -0.091077   
ШКМ                     0.055659  0.215122           0.029199      0.003242   
ШНО                    -0.172285 -0.055275           0.153269     -0.048401   
ШЛСМ                   -0.078116  0.134751           0.033564      0.203293   
ШВ                      0.090475  0.107557           0.108065      0.074117   
ШСЖ                     0.108420 -0.164057          -0.140303     -0.027376   
ШЛ                      0.048910 -0.213508          -0.036698     -0.061820   
Директивный стиль       0.000057 -0.033736           0.214944      0.024167   
Аналитический стиль     0.028552  0.022396           0.206601     -0.001458   
Концептуальный стиль   -0.167546  0.099834           0.505499      0.284191   
Поведенческий стиль    -0.076743  0.007755           0.187594      0.086191   
Безопасность            0.275357 -0.028896          -0.069262     -0.168451   
Конформизм              1.000000  0.193081          -0.267312     -0.355594   
Традиция                0.193081  1.000000           0.178565      0.139817   
Самостьятельность      -0.267312  0.178565           1.000000      0.407231   
Риск-новизна           -0.355594  0.139817           0.407231      1.000000   
Гедонизм               -0.086324  0.133804           0.399946      0.454805   
Достижение              0.118278 -0.013888           0.226933      0.192899   
Власть-Богатство        0.052768 -0.064986           0.141077      0.118721   
Благожелательность      0.057471  0.257451           0.374789      0.230922   
Универсализм            0.032206  0.332065           0.333138      0.293144   
Неув.в прич.            0.015690 -0.136019          -0.083582      0.076746   
Новизна                -0.049735 -0.284015          -0.092847      0.050136   
Сложность              -0.050879  0.104277           0.135551     -0.145840   
Нерешенность            0.163501 -0.204083          -0.138023      0.051233   
Общий                  -0.035967 -0.022196           0.070251     -0.169196   
Политика               -0.036388 -0.045752          -0.073756     -0.099313   
Личный опыт            -0.063359 -0.100757          -0.201192     -0.191502   
Воспитание             -0.162162 -0.101157          -0.163995      0.002774   
Спорт                   0.041761  0.082573          -0.023301     -0.014368   
СМИ                    -0.025430 -0.155392          -0.117235     -0.094029   
Общий                  -0.035190 -0.055156          -0.104023     -0.095454   
F1o                    -0.350860 -0.001622           0.391455      0.422842   
F2o                    -0.298094 -0.114823           0.211226      0.356195   
F1s                    -0.006803  0.088755          -0.083359      0.077423   
F2s                     0.135700  0.257568           0.078272      0.107186   

                      Гедонизм  Достижение  Власть-Богатство  \
Physical Aggression  -0.171945   -0.196142         -0.313306   
Anger                -0.157761   -0.202673         -0.358521   
Hostility            -0.213045   -0.173747         -0.287729   
Всесилие             -0.154439   -0.221602         -0.205876   
Неуязвимость         -0.114539   -0.000467         -0.179036   
Уникальность         -0.294618   -0.020301         -0.068093   
ОЭ                   -0.041376   -0.070446         -0.284324   
ОШКМ                  0.217189    0.196226          0.290833   
ШЭС                   0.094236    0.112887          0.238161   
ШЭМ                  -0.411576   -0.202056         -0.226899   
ШПС                  -0.005474   -0.182454         -0.054398   
ШКМ                  -0.167621   -0.116969         -0.384325   
ШНО                  -0.133222   -0.143352         -0.074266   
ШЛСМ                  0.018886    0.028411         -0.024676   
ШВ                   -0.011261   -0.099781          0.104824   
ШСЖ                   0.142884    0.169902          0.349680   
ШЛ                    0.041336    0.234934          0.082732   
Директивный стиль     0.077449    0.344752          0.157728   
Аналитический стиль  -0.094418    0.128722         -0.122167   
Концептуальный стиль  0.200286    0.152738         -0.019478   
Поведенческий стиль   0.244142    0.161753         -0.133138   
Безопасность          0.045152    0.386267          0.307677   
Конформизм           -0.086324    0.118278          0.052768   
Традиция              0.133804   -0.013888         -0.064986   
Самостьятельность     0.399946    0.226933          0.141077   
Риск-новизна          0.454805    0.192899          0.118721   
Гедонизм              1.000000    0.424695          0.338268   
Достижение            0.424695    1.000000          0.516559   
Власть-Богатство      0.338268    0.516559          1.000000   
Благожелательность    0.310319    0.257058          0.065769   
Универсализм          0.244756    0.049618         -0.115442   
Неув.в прич.          0.050317   -0.078065          0.106062   
Новизна              -0.139264   -0.032470         -0.007236   
Сложность             0.032443   -0.119704         -0.088145   
Нерешенность         -0.045861    0.118139          0.094657   
Общий                -0.051778   -0.107560         -0.144098   
Политика             -0.112495    0.074846         -0.174787   
Личный опыт          -0.186943   -0.148441         -0.294390   
Воспитание           -0.172772    0.009749         -0.204946   
Спорт                -0.061583    0.107810         -0.163391   
СМИ                  -0.147738   -0.167634         -0.277236   
Общий                -0.125161    0.025276         -0.267478   
F1o                   0.223334    0.028940         -0.067467   
F2o                   0.209719    0.032687         -0.001035   
F1s                   0.035942    0.131852         -0.016852   
F2s                   0.160344    0.020872         -0.086349   

                      Благожелательность  Универсализм  Неув.в прич.  \
Physical Aggression            -0.015567     -0.036419     -0.070610   
Anger                          -0.000457      0.032271     -0.080298   
Hostility                       0.042815      0.058830     -0.145906   
Всесилие                       -0.072765      0.110213      0.322596   
Неуязвимость                    0.043626      0.106352      0.117506   
Уникальность                   -0.008520     -0.077403     -0.113112   
ОЭ                              0.068388      0.318458     -0.233202   
ОШКМ                            0.091555      0.019255      0.411826   
ШЭС                             0.070761      0.022534      0.415463   
ШЭМ                            -0.135518     -0.003683      0.045856   
ШПС                            -0.111708     -0.134178      0.291446   
ШКМ                            -0.029017      0.124984     -0.323899   
ШНО                            -0.147622      0.051735     -0.064754   
ШЛСМ                            0.008732     -0.041390     -0.448486   
ШВ                             -0.046392      0.118723     -0.012504   
ШСЖ                             0.100549     -0.123921      0.423070   
ШЛ                              0.018837      0.030354      0.000636   
Директивный стиль               0.186584      0.144806     -0.193430   
Аналитический стиль             0.099501      0.243890     -0.321983   
Концептуальный стиль            0.105998      0.322312     -0.126621   
Поведенческий стиль             0.332343      0.314139     -0.081520   
Безопасность                    0.201667      0.145153      0.149435   
Конформизм                      0.057471      0.032206      0.015690   
Традиция                        0.257451      0.332065     -0.136019   
Самостьятельность               0.374789      0.333138     -0.083582   
Риск-новизна                    0.230922      0.293144      0.076746   
Гедонизм                        0.310319      0.244756      0.050317   
Достижение                      0.257058      0.049618     -0.078065   
Власть-Богатство                0.065769     -0.115442      0.106062   
Благожелательность              1.000000      0.474468     -0.093175   
Универсализм                    0.474468      1.000000      0.021699   
Неув.в прич.                   -0.093175      0.021699      1.000000   
Новизна                        -0.093997     -0.191482      0.161813   
Сложность                       0.171787      0.145207     -0.106783   
Нерешенность                   -0.084880     -0.108885      0.110747   
Общий                           0.135321      0.039339     -0.065331   
Политика                       -0.081282      0.051026     -0.053112   
Личный опыт                     0.039584      0.029469     -0.055809   
Воспитание                      0.045062      0.132367     -0.071713   
Спорт                           0.164227      0.123504     -0.322594   
СМИ                             0.301957      0.146727     -0.081151   
Общий                           0.147175      0.105190     -0.114978   
F1o                             0.303841      0.095902      0.012236   
F2o                             0.180038      0.019055      0.131235   
F1s                             0.005423      0.006768     -0.379662   
F2s                             0.220253      0.232323     -0.165486   

                       Новизна  Сложность  Нерешенность    Общий   Политика  \
Physical Aggression   0.169071  -0.007724      0.076662  0.099247  0.344268   
Anger                 0.006725   0.063229     -0.010656  0.115901  0.098190   
Hostility            -0.052562   0.053612     -0.033569  0.116676  0.223064   
Всесилие             -0.046003   0.024344     -0.022673  0.014592  0.177279   
Неуязвимость          0.018762  -0.180325      0.146987 -0.227758  0.109369   
Уникальность         -0.171415   0.008992      0.041323 -0.025799  0.003035   
ОЭ                    0.145833  -0.129546      0.097034 -0.078994  0.308405   
ОШКМ                  0.009371  -0.111759      0.206956 -0.109194 -0.141165   
ШЭС                   0.029506  -0.125383      0.238938 -0.104583 -0.055481   
ШЭМ                   0.232834  -0.046941      0.047602  0.077396  0.240675   
ШПС                   0.200977  -0.039099      0.137083  0.022417  0.085985   
ШКМ                   0.121498  -0.108741      0.049026 -0.049283  0.334847   
ШНО                   0.131943  -0.032587     -0.006130 -0.092623  0.277523   
ШЛСМ                  0.004952   0.098181     -0.189651  0.133211 -0.056690   
ШВ                   -0.108316   0.066539     -0.074724  0.050529 -0.056682   
ШСЖ                  -0.016842   0.002401      0.086320  0.020214 -0.202697   
ШЛ                    0.149593  -0.177231      0.137094 -0.192774  0.073981   
Директивный стиль    -0.231796   0.209446     -0.150456  0.143452 -0.225107   
Аналитический стиль  -0.085727   0.093941     -0.079109  0.059709  0.009268   
Концептуальный стиль -0.094072   0.016023     -0.107544 -0.069955  0.086101   
Поведенческий стиль  -0.002723  -0.054662      0.078754 -0.084178  0.165463   
Безопасность          0.022634   0.011104      0.159150 -0.020792 -0.072912   
Конформизм           -0.049735  -0.050879      0.163501 -0.035967 -0.036388   
Традиция             -0.284015   0.104277     -0.204083 -0.022196 -0.045752   
Самостьятельность    -0.092847   0.135551     -0.138023  0.070251 -0.073756   
Риск-новизна          0.050136  -0.145840      0.051233 -0.169196 -0.099313   
Гедонизм             -0.139264   0.032443     -0.045861 -0.051778 -0.112495   
Достижение           -0.032470  -0.119704      0.118139 -0.107560  0.074846   
Власть-Богатство     -0.007236  -0.088145      0.094657 -0.144098 -0.174787   
Благожелательность   -0.093997   0.171787     -0.084880  0.135321 -0.081282   
Универсализм         -0.191482   0.145207     -0.108885  0.039339  0.051026   
Неув.в прич.          0.161813  -0.106783      0.110747 -0.065331 -0.053112   
Новизна               1.000000  -0.743526      0.600727 -0.371340  0.220117   
Сложность            -0.743526   1.000000     -0.715591  0.789347 -0.162404   
Нерешенность          0.600727  -0.715591      1.000000 -0.401840  0.221177   
Общий                -0.371340   0.789347     -0.401840  1.000000 -0.046721   
Политика              0.220117  -0.162404      0.221177 -0.046721  1.000000   
Личный опыт           0.196863  -0.074243      0.126410  0.034735  0.448727   
Воспитание            0.279116  -0.182829      0.227301 -0.060991  0.587664   
Спорт                -0.054031   0.015215      0.032295 -0.001218  0.090238   
СМИ                   0.077278   0.142453      0.027954  0.235975 -0.114843   
Общий                 0.186903  -0.051998      0.163372  0.082951  0.737526   
F1o                   0.088605  -0.049022      0.053941  0.025036  0.010026   
F2o                   0.104662   0.029614      0.028008  0.069912  0.042435   
F1s                   0.159402  -0.142176      0.094618  0.021348  0.342902   
F2s                  -0.015123   0.047602      0.070445  0.043757  0.354524   

                      Личный опыт  Воспитание     Спорт       СМИ     Общий  \
Physical Aggression      0.527761    0.313855  0.250718  0.163732  0.471825   
Anger                    0.173585    0.101147  0.155479  0.080831  0.187006   
Hostility                0.132837    0.058229  0.132628  0.008715  0.197538   
Всесилие                 0.297342    0.220433 -0.014315  0.038594  0.212611   
Неуязвимость             0.277107    0.196948  0.258166  0.118029  0.215766   
Уникальность             0.168133    0.152415  0.135950  0.225936  0.159475   
ОЭ                       0.193378    0.227659  0.211583 -0.015359  0.286081   
ОШКМ                     0.037174   -0.075128 -0.061608  0.007018 -0.056003   
ШЭС                      0.047446   -0.000695 -0.091246  0.004191 -0.018718   
ШЭМ                     -0.029931    0.148703 -0.091433  0.005045  0.067128   
ШПС                     -0.027355   -0.025125 -0.154230 -0.151087 -0.017205   
ШКМ                      0.128443    0.195555  0.180975  0.012878  0.291523   
ШНО                      0.042618    0.082806  0.116398 -0.232128  0.150758   
ШЛСМ                    -0.169113   -0.026208  0.159091  0.061824 -0.052853   
ШВ                      -0.190607   -0.084951 -0.102274 -0.166155 -0.099077   
ШСЖ                     -0.087369   -0.079219 -0.284446 -0.013030 -0.187658   
ШЛ                      -0.096403    0.086330  0.069098  0.036098  0.040838   
Директивный стиль       -0.277780   -0.117523  0.103129  0.054668 -0.170841   
Аналитический стиль     -0.157291    0.049045  0.091005  0.117518 -0.026661   
Концептуальный стиль    -0.080261   -0.048462 -0.070305 -0.098783 -0.027408   
Поведенческий стиль      0.152689    0.140841  0.115677  0.155591  0.172961   
Безопасность             0.022245    0.038144  0.066831  0.079577  0.007763   
Конформизм              -0.063359   -0.162162  0.041761 -0.025430 -0.035190   
Традиция                -0.100757   -0.101157  0.082573 -0.155392 -0.055156   
Самостьятельность       -0.201192   -0.163995 -0.023301 -0.117235 -0.104023   
Риск-новизна            -0.191502    0.002774 -0.014368 -0.094029 -0.095454   
Гедонизм                -0.186943   -0.172772 -0.061583 -0.147738 -0.125161   
Достижение              -0.148441    0.009749  0.107810 -0.167634  0.025276   
Власть-Богатство        -0.294390   -0.204946 -0.163391 -0.277236 -0.267478   
Благожелательность       0.039584    0.045062  0.164227  0.301957  0.147175   
Универсализм             0.029469    0.132367  0.123504  0.146727  0.105190   
Неув.в прич.            -0.055809   -0.071713 -0.322594 -0.081151 -0.114978   
Новизна                  0.196863    0.279116 -0.054031  0.077278  0.186903   
Сложность               -0.074243   -0.182829  0.015215  0.142453 -0.051998   
Нерешенность             0.126410    0.227301  0.032295  0.027954  0.163372   
Общий                    0.034735   -0.060991 -0.001218  0.235975  0.082951   
Политика                 0.448727    0.587664  0.090238 -0.114843  0.737526   
Личный опыт              1.000000    0.560158  0.349848  0.270750  0.748800   
Воспитание               0.560158    1.000000  0.390694  0.209705  0.783782   
Спорт                    0.349848    0.390694  1.000000  0.268182  0.505791   
СМИ                      0.270750    0.209705  0.268182  1.000000  0.294539   
Общий                    0.748800    0.783782  0.505791  0.294539  1.000000   
F1o                     -0.089927   -0.054258 -0.135075  0.021168 -0.064874   
F2o                     -0.012959    0.027116 -0.034581  0.028960  0.079616   
F1s                      0.186473    0.284991  0.159751  0.004350  0.326011   
F2s                      0.167019    0.149639  0.225521  0.129960  0.346379   

                           F1o       F2o       F1s       F2s  
Physical Aggression  -0.198257  0.042346  0.177988  0.233065  
Anger                -0.075129 -0.148817  0.147445  0.114338  
Hostility             0.014727  0.049131  0.284201  0.288664  
Всесилие             -0.149989  0.036518 -0.215027 -0.037789  
Неуязвимость         -0.278717 -0.204139 -0.174898 -0.048970  
Уникальность         -0.245612 -0.178205  0.061408  0.041525  
ОЭ                    0.004884  0.072283  0.106572  0.329891  
ОШКМ                  0.024971  0.052223 -0.337698 -0.184373  
ШЭС                  -0.105691 -0.053490 -0.366607 -0.175854  
ШЭМ                  -0.235639 -0.090296  0.051939  0.083671  
ШПС                   0.051945  0.314109 -0.085328  0.052802  
ШКМ                   0.007856  0.027234  0.275844  0.348976  
ШНО                  -0.114908  0.158498  0.032777  0.204087  
ШЛСМ                  0.112697  0.123483  0.462099  0.266028  
ШВ                    0.053501  0.015326  0.058667 -0.018542  
ШСЖ                   0.002431  0.000979 -0.151609 -0.240804  
ШЛ                    0.029370  0.145977  0.041799  0.051902  
Директивный стиль    -0.050694 -0.081967 -0.051276 -0.032752  
Аналитический стиль  -0.101977 -0.254328  0.031058  0.073567  
Концептуальный стиль  0.294467  0.112029  0.055323  0.089525  
Поведенческий стиль   0.134860  0.059260 -0.058167  0.173254  
Безопасность         -0.342469 -0.100310 -0.070791  0.000994  
Конформизм           -0.350860 -0.298094 -0.006803  0.135700  
Традиция             -0.001622 -0.114823  0.088755  0.257568  
Самостьятельность     0.391455  0.211226 -0.083359  0.078272  
Риск-новизна          0.422842  0.356195  0.077423  0.107186  
Гедонизм              0.223334  0.209719  0.035942  0.160344  
Достижение            0.028940  0.032687  0.131852  0.020872  
Власть-Богатство     -0.067467 -0.001035 -0.016852 -0.086349  
Благожелательность    0.303841  0.180038  0.005423  0.220253  
Универсализм          0.095902  0.019055  0.006768  0.232323  
Неув.в прич.          0.012236  0.131235 -0.379662 -0.165486  
Новизна               0.088605  0.104662  0.159402 -0.015123  
Сложность            -0.049022  0.029614 -0.142176  0.047602  
Нерешенность          0.053941  0.028008  0.094618  0.070445  
Общий                 0.025036  0.069912  0.021348  0.043757  
Политика              0.010026  0.042435  0.342902  0.354524  
Личный опыт          -0.089927 -0.012959  0.186473  0.167019  
Воспитание           -0.054258  0.027116  0.284991  0.149639  
Спорт                -0.135075 -0.034581  0.159751  0.225521  
СМИ                   0.021168  0.028960  0.004350  0.129960  
Общий                -0.064874  0.079616  0.326011  0.346379  
F1o                   1.000000  0.453318  0.042125 -0.016622  
F2o                   0.453318  1.000000 -0.035770  0.131082  
F1s                   0.042125 -0.035770  1.000000  0.380354  
F2s                  -0.016622  0.131082  0.380354  1.000000  
